專案名稱：Example 13
控制點座標
1 A -1974638.73400  4590014.81900  3953144.92350

基線觀測資料
B(2) -> A(1)  -1218.56100  -1039.22700   1737.72000
D(3) -> A(1)    270.45700   -503.20800   1879.92300
D(3) -> B(2)   1489.01300    536.03000    142.21800
C(4) -> B(2)   1405.53100   -178.15700   1171.38000
D(3) -> C(4)     83.49700    714.15300  -1029.19900

設計矩陣
-1  0  0  0  0  0  0  0  0 
  0 -1  0  0  0  0  0  0  0 
  0  0 -1  0  0  0  0  0  0 
  0  0  0 -1  0  0  0  0  0 
  0  0  0  0 -1  0  0  0  0 
  0  0  0  0  0 -1  0  0  0 
  1  0  0 -1  0  0  0  0  0 
  0  1  0  0 -1  0  0  0  0 
  0  0  1  0  0 -1  0  0  0 
  1  0  0  0  0  0 -1  0  0 
  0  1  0  0  0  0  0 -1  0 
  0  0  1  0  0  0  0  0 -1 
  0  0  0 -1  0  0  1  0  0 
  0  0  0  0 -1  0  0  1  0 
  0  0  0  0  0 -1  0  0  1 
 
先驗單位權:  1.000000000

權矩陣
28036993.74 6763850.85 4712089.45     0.00     0.00     0.00     0.00     0.00     0.00     0.00     0.00     0.00     0.00     0.00     0.00 
6763850.85 9982902.57 -8048688.10     0.00     0.00     0.00     0.00     0.00     0.00     0.00     0.00     0.00     0.00     0.00     0.00 
4712089.45 -8048688.10 11886574.24     0.00     0.00     0.00     0.00     0.00     0.00     0.00     0.00     0.00     0.00     0.00     0.00 
    0.00     0.00     0.00 11821640.15 2660014.55 1941938.88     0.00     0.00     0.00     0.00     0.00     0.00     0.00     0.00     0.00 
    0.00     0.00     0.00 2660014.55 2358484.73 -1284293.52     0.00     0.00     0.00     0.00     0.00     0.00     0.00     0.00     0.00 
    0.00     0.00     0.00 1941938.88 -1284293.52 2168095.61     0.00     0.00     0.00     0.00     0.00     0.00     0.00     0.00     0.00 
    0.00     0.00     0.00     0.00     0.00     0.00 19082341.03 4449444.51 3391336.15     0.00     0.00     0.00     0.00     0.00     0.00 
    0.00     0.00     0.00     0.00     0.00     0.00 4449444.51 5181812.33 -3423009.26     0.00     0.00     0.00     0.00     0.00     0.00 
    0.00     0.00     0.00     0.00     0.00     0.00 3391336.15 -3423009.26 5218293.35     0.00     0.00     0.00     0.00     0.00     0.00 
    0.00     0.00     0.00     0.00     0.00     0.00     0.00     0.00     0.00 5511232.28 1447768.42 839636.66     0.00     0.00     0.00 
    0.00     0.00     0.00     0.00     0.00     0.00     0.00     0.00     0.00 1447768.42 1976033.47 -1593845.30     0.00     0.00     0.00 
    0.00     0.00     0.00     0.00     0.00     0.00     0.00     0.00     0.00 839636.66 -1593845.30 2398468.66     0.00     0.00     0.00 
    0.00     0.00     0.00     0.00     0.00     0.00     0.00     0.00     0.00     0.00     0.00     0.00 1992699.70 546056.04 323386.21 
    0.00     0.00     0.00     0.00     0.00     0.00     0.00     0.00     0.00     0.00     0.00     0.00 546056.04 585154.28 -378070.49 
    0.00     0.00     0.00     0.00     0.00     0.00     0.00     0.00     0.00     0.00     0.00     0.00 323386.21 -378070.49 575692.98 

法方程式
52630567.1 12661063.8 8943062.3 -19082341.0 -4449444.5 -3391336.1 -5511232.3 -1447768.4 -839636.7 
12661063.8 17140748.4 -13065542.7 -4449444.5 -5181812.3 3423009.3 -1447768.4 -1976033.5 1593845.3 
8943062.3 -13065542.7 19503336.2 -3391336.1 3423009.3 -5218293.4 -839636.7 1593845.3 -2398468.7 
-19082341.0 -4449444.5 -3391336.1 32896680.9 7655515.1 5656661.2 -1992699.7 -546056.0 -323386.2 
-4449444.5 -5181812.3 3423009.3 7655515.1 8125451.3 -5085373.3 -546056.0 -585154.3  378070.5 
-3391336.1 3423009.3 -5218293.4 5656661.2 -5085373.3 7962081.9 -323386.2  378070.5 -575693.0 
-5511232.3 -1447768.4 -839636.7 -1992699.7 -546056.0 -323386.2 7503932.0 1993824.5 1163022.9 
-1447768.4 -1976033.5 1593845.3 -546056.0 -585154.3  378070.5 1993824.5 2561187.8 -1971915.8 
-839636.7 1593845.3 -2398468.7 -323386.2  378070.5 -575693.0 1163022.9 -1971915.8 2974161.6 

自由度: 6

單位權標準誤差 3.35166

控制點及觀測點座標
1 A -1974638.73400  4590014.81900  3953144.92350
2 B -1973420.17326  4591054.04650  3951407.20439 0.00149 0.00361 0.00317
3 D -1974909.18837  4590518.02118  3951264.99226 0.00220 0.00540 0.00509
4 C -1974825.70330  4591232.20130  3950235.82165 0.00373 0.00887 0.00761

基線平差結果與精度分析
B(2) -> A (1)  -1218.56074  -1039.22750   1737.71911 0.00149 0.00361 0.00317
D(3) -> A (1)    270.45437   -503.20218   1879.93124 0.00220 0.00540 0.00509
D(3) -> B (2)   1489.01511    536.02532    142.21212 0.00207 0.00501 0.00474
C(4) -> B (2)   1405.53004   -178.15479   1171.38273 0.00344 0.00817 0.00696
D(3) -> C (4)     83.48507    714.18012  -1029.17061 0.00391 0.00928 0.00816
