{"nbformat":4,"nbformat_minor":0,"metadata":{"colab":{"name":"Wolf_GPS_net_v2_Colab.ipynb","provenance":[{"file_id":"1upyZ7CLdu9xaj2ylp6747_RUNuGC0NGa","timestamp":1575464063121},{"file_id":"1lI3QT5UZHwWNlLwEXrOOI-12QiYbHS-K","timestamp":1571494605341}],"collapsed_sections":[]},"kernelspec":{"display_name":"Python 3","language":"python","name":"python3"},"language_info":{"codemirror_mode":{"name":"ipython","version":3},"file_extension":".py","mimetype":"text/x-python","name":"python","nbconvert_exporter":"python","pygments_lexer":"ipython3","version":"3.7.3"}},"cells":[{"cell_type":"markdown","metadata":{"colab_type":"text","id":"8ilwUYr1WgHM"},"source":["# GNSS 網形平差\n","\n","GPS定位中，在任意二個測站上使用GPS衛星接收儀同步觀測成果，可得到二點之間的基線(Base Line)向量觀測值，它是在WGS空間坐標系下的三維坐標差。為了提高定位結果之精度與可靠度，通常需將不同時段觀測的基線向量聯結成網並進行整體平差。由該基線向量構成的網稱為GPS網形，一般採用間接觀測方法進行整體平差。\n","\n","## 1. 函數模型\n","GPS網中各待定點的空間直角坐標平差值為參數，該參數之型式定為：\n","\n","$\\begin{bmatrix}\\hat{X}_i \\\\ \\hat{Y}_i \\\\ \\hat{Z}_i\\end{bmatrix}=\n","\\begin{bmatrix}X^0_i \\\\ Y^0_i \\\\ Z^0_i\\end{bmatrix}+\n","\\begin{bmatrix}\\delta X_i \\\\ \\delta Y_i \\\\ \\delta Z_i\\end{bmatrix}\n","$\n","\n","若GPS 基線向量觀測值為：\n","$\\begin{equation}(\\Delta X_{ij},\\Delta Y_{ij},\\Delta Z_{ij})\\end{equation}$\n","\n","  $\\begin{equation}\\Delta X_{ij} = X_j - X_i \\end{equation}$\n","\n","  $\\begin{equation}\\Delta Y_{ij} = Y_j - Y_i\\end{equation}$\n","\n","  $\\begin{equation}\\Delta Z_{ij} = Z_j - Z_i\\end{equation}$\n","\n","則三維坐標差，即基線向量觀測值的平差值為：\n","\n","$\\begin{bmatrix}v_{X_{ij}} \\\\ v_{Y_{ij}} \\\\ v_{Z_{ij}} \\end{bmatrix}=\n","\\begin{bmatrix}\\delta x_j \\\\ \\delta x_j \\\\ \\delta z_j\\end{bmatrix} -\n","\\begin{bmatrix}\\delta x_i \\\\ \\delta x_i \\\\ \\delta z_i\\end{bmatrix} +\n","\\begin{bmatrix}X^0_i - X^0_j - \\Delta X_{ij} \\\\ \n","Y^0_i - Y^0_j - \\Delta Y_{ij} \\\\\n","Z^0_i - Z^0_j - \\Delta Z_{ij}\\end{bmatrix}\n","$\n","\n","或\n","$\\begin{bmatrix}v_{X_{ij}} \\\\ v_{Y_{ij}} \\\\ v_{Z_{ij}} \\end{bmatrix}=\n","\\begin{bmatrix}\\delta x_j \\\\ \\delta y_j \\\\ \\delta z_j\\end{bmatrix} -\n","\\begin{bmatrix}\\delta x_i \\\\ \\delta y_i \\\\ \\delta z_i\\end{bmatrix} +\n","\\begin{bmatrix}\\Delta X_{ij} - \\Delta X^0_{ij} \\\\ \n","\\Delta Y_{ij} - \\Delta Y^0_{ij} \\\\\n","\\Delta Z_{ij} - \\Delta Z^0_{ij} \\end{bmatrix}\n","$\n","\n","令\n","$V_k=\\begin{bmatrix}v_{X_{ij}} \\\\ v_{Y_{ij}} \\\\ v_{Z_{ij}} \\end{bmatrix}\n","\\hat{X}_i=\\begin{bmatrix}\\delta x_i \\\\ \\delta Y_i \\\\ \\delta Z_i\\end{bmatrix}\n","\\hat{X}_j=\\begin{bmatrix}\\delta X_j \\\\ \\delta Y_j \\\\ \\delta Z_j\\end{bmatrix}\n","\\Delta X^0_{ij}=\\begin{bmatrix}X^0_j - X^0_i \\\\ \n","Y^0_j - Y^0_i \\\\\n","Z^0_j - Z^0_i \\end{bmatrix}\n","\\Delta X_{ij}=\\begin{bmatrix}\\Delta X_{ij}\\\\ \n","\\Delta Y_{ij}\\\\\n","\\Delta Z_{ij}\\end{bmatrix}\n","$\n","\n","則編號為 k 的基線向量觀測方程式為：\n","\\begin{equation}\n","V_k\n","= \\hat{X}_j - \\hat{X}_i + \\Delta X_{ij} - \\Delta X^0_{ij} \n","= \\hat{X}_j - \\hat{X}_i + \\Delta X_{ij} - (X^0_j - X^0_i)\n","\\end{equation}\n","\n","當網中有n 個待定點與m 條基線向量時，則GPS 網形之誤差方程式為：\n","\\begin{equation}\n","V=A \\hat{X} - L\n","\\end{equation}\n"]},{"cell_type":"markdown","metadata":{"id":"YMX1Wh7qNI50","colab_type":"text"},"source":["## 2. 隨機模型 (權函數)\n","\n","隨機模型之一般型式仍為：\n","$\\begin{equation}\n","\\Sigma_{LL}= \\sigma^2_0Q = \\sigma^2_0p^{-1}\n","\\end{equation}$\n","或\n","$\\begin{equation}\n","P=\\frac{1}{\\sigma^2_0}\\Sigma^{-1}_{LL}\n","\\end{equation}$\n","\n","\n","以二台GPS 接收儀觀測的結果為例，說明GPS 網形平差中隨機模型的\n","組成。用二台GPS 接收儀進行觀測，在一個時段內只能得到一條觀測基線\n","向量\n","$\\begin{equation}(\\Delta X_{ij},\\Delta Y_{ij},\\Delta Z_{ij})\\end{equation}$\n","，其中三個觀測坐標分量是相關的，觀測基線向量的\n","方差－協方差矩陣是由GPS 基線計算軟體計算後得到的，其型式為：\n","\n","$\\begin{equation}\n","\\Sigma_{LL}=\\end{equation} \n","\\begin{bmatrix}\n","\\sigma^2_{\\Delta X_{ij}} & \n","\\sigma_{{\\Delta X_{ij}}{\\Delta Y_{ij}}} &\n","\\sigma_{{\\Delta X_{ij}}{\\Delta Z_{ij}}} \\\\ \n","& \\sigma^2_{\\Delta Y_{ij}}\n","&\\sigma_{{\\Delta Y_{ij}}{\\Delta Z_{ij}}} \\\\\n","& & \\sigma^2_{\\Delta Z_{ij}}\n","\\end{bmatrix}\n","$\n","\n","不同的觀測基線向量之間是互相獨立的，因此，權矩陣 P 是一個3×3\n","子矩陣所組成的對角陣。\n","\n","$\\begin{equation}\n","P=Q^{-1}_{LL}=\n","\\frac{1}{\\sigma^2_0}\\Sigma^{-1}_{LL}\n","=\\frac{1}{\\sigma^2_0}\n","\\begin{bmatrix}\n","p_1 & & \\\\\n","& p_2 & \\\\\n","& & ... & \\\\\n","& & & P_m\n","\\end{bmatrix}\n","\\end{equation}$"]},{"cell_type":"markdown","metadata":{"colab_type":"text","id":"71irBR9iWtln"},"source":["## Python GNSS 網形平差最小二乘法模組\n","\n","GNSS 通用函數"]},{"cell_type":"code","metadata":{"id":"ceUFEH8HWXYb","colab_type":"code","colab":{}},"source":["import numpy as np\n","from numpy.linalg import inv\n","import math\n","\n","# General purpose matrix printing function\n","def Matrix_print(X,matrix_title=\"Matrix\"):\n","    print(\"\\n%s\"%matrix_title)\n","    \n","    if len(X.shape)==1:\n","        for x in X:\n","            print('%10.4f'%(x))\n","    else:\n","        print(X)\n","        \n","# General purpose matrix printing function for two vectors\n","def Matrix_print2(X,sX,matrix_title=\"Matrix\",unit=\"\"):\n","    print(\"\\n%s\"%matrix_title)\n","    \n","    for x,sx in zip(X,sX):\n","        if unit is None:\n","            print('%.4f +/- %.4f'%(x,sx))\n","        else:\n","            print('%.4f%s +/- %.4f (%s)'%(x, unit, sx, unit))\n","\n","# Compare sting\n","def compare_names(name,obs_pts):\n","    id=0\n","    for i in range(len(obs_pts)):\n","        if (name==obs_pts[i]):\n","            id=i\n","            break\n","    \n","    return id\n","\n","# 由輸入的sigma，組成上三角矩陣\n","def tri_back(sigma):\n","    n=len(sigma)\n","    m=n\n","    for i in range(n):\n","        m=m-i\n","        if (m==0):\n","            break\n","\n","    tri=np.zeros([i,i])\n","    id=0\n","    id2=0\n","    for k in range(i,0,-1):\n","        #print(tri[id,id:id+k])\n","        tri[id,id:id+k]=sigma[id2:id2+k]\n","        id=id+1\n","        id2=id2+k\n","\n","    return tri\n","\n","def GNSS_LSEA(A,L,P):\n","    m,n=A.shape\n","    #print(m,n)\n","    \n","    #% 未知數的答解 \n","    #% 法方程式之反矩陣\n","    # N=A'*P*A;\n","    N=np.dot(A.T,P)\n","    N=np.dot(N,A)\n","\n","    # %N_inv=inv(N);\n","    # U=A'*P*L;\n","    U=np.dot(A.T,P)\n","    U=np.dot(U,L)\n","\n","    N_inv=inv(N)\n","    X=np.dot(N_inv,U)\n","\n","    #% 誤差分析\n","    #  V=A*X-L;\n","    V=np.dot(A,X)-L\n","\n","    #%單位權標準誤差   \n","    #sigma0=sqrt((V'*P*V)./(m-n));\n","    q=np.dot(V.T,P)\n","    q=np.dot(q,V)\n","    sigma0=math.sqrt(q/(m-n))\n","\n","    #%未知數精度矩陣\n","    DX=N_inv*(sigma0**2)\n","    sX=np.diag(DX)**0.5\n","\n","    #%觀測量精度分析   \n","    DL=np.dot(A,N_inv)\n","    DL=sigma0**2*np.dot(DL,A.T)\n","    sL=(np.diag(DL))**0.5\n","\n","    return X, V, sigma0, DX, sL, P, N, U"],"execution_count":0,"outputs":[]},{"cell_type":"markdown","metadata":{"id":"jDxN3igWWZn9","colab_type":"text"},"source":["### GNSSNet物件類別定義"]},{"cell_type":"code","metadata":{"id":"hwQ33C0MWGIB","colab_type":"code","colab":{}},"source":["# GNSS_net клеє\n","class GNSS_net:\n","    \n","  # private variables\n","  \n","  # private methods\n","  #self.__GNSS_design_matrix()\n","  \n","  def __init__(self):\n","      self._ProjectName='[Empty GNSS Net Project]'\n","      self._num_control_pts = 0\n","      self._num_obs_pts = 0\n","      self._num_obs_baselines = 0\n","      self._ctrl_pts=[]\n","      self._obs_pts=[]\n","      self._pts=[]\n","      self._baselines=[]\n","      self._pts_name=[]\n","      self._A=np.zeros([1,1])\n","      self._L=np.zeros([1,1])\n","      self._P=np.zeros([1,1])\n","      self._sigma0=0\n","        \n","  # 物件類別方法  \n","  def GNSS_read_Adat(self, path, sigma0, ComputeObs=False):\n","      self.__read_Adat(path, sigma0, ComputeObs)\n","      \n","  def GNSS_design_matrix(self):\n","      self.__GNSS_design_matrix()\n","\n","  def GNSS_Report(self,X, V, sigma0, DX, sL, N, U):\n","      self.__GNSS_Report(X, V, sigma0, DX, sL, N, U)\n","  \n","  # 物件類別屬性\n","  # ProjectName\n","  @property\n","  def ProjectName(self):\n","      return self._ProjectName\n","  @ProjectName.setter\n","  def ProjectName(self, ProjectName):\n","      self._ProjectName = ProjectName\n","\n","  # num_control_pts\n","  @property\n","  def num_control_pts(self):\n","      return self._num_control_pts\n","  @num_control_pts.setter\n","  def num_control_pts(self,num_control_pts):\n","      self._num_control_pts = num_control_pts\n","\n","  # num_obs_pts\n","  @property\n","  def num_obs_pts(self):\n","      return self._num_obs_pts\n","  @num_obs_pts.setter\n","  def num_obs_pts(self,num_obs_pts):\n","      self._num_obs_pts = num_obs_pts\n","\n","  # num_obs_baselines\n","  @property\n","  def num_obs_baselines(self):\n","      return self._num_obs_baselines\n","  @num_obs_baselines.setter\n","  def num_obs_baselines(self,num_obs_baselines):\n","      self._num_obs_baselines = num_obs_baselines\n","      \n","  @property\n","  def ctrl_pts(self):\n","      return self._ctrl_pts\n","  \n","  @property\n","  def baselines(self):\n","      return self._baselines\n","  \n","  @property\n","  def obs_pts(self):\n","      return self._obs_pts\n","\n","  @property\n","  def sigma0(self):\n","      return self._sigma0\n","  \n","  @property\n","  def A(self):\n","      return self._A\n","  \n","  @property\n","  def L(self):\n","      return self._L\n","  \n","  @property\n","  def P(self):\n","      return self._P\n","  \n","  # Setup GNSS_design_matrix according to input data.\n","  def __GNSS_design_matrix(self):\n","      m = self._num_obs_pts*3\n","      n = self._num_obs_baselines*3\n","      k = self._num_control_pts + self._num_obs_pts\n","      #print(m,n,k)\n","\n","      self._A=np.zeros([n,m])\n","      self._L=np.zeros([n,1])\n","      self._P=np.zeros([n,n])\n","\n","      id=0\n","      for i in range(0,n,3):\n","          sigma=self._baselines[id][7] \n","          sigma=inv(np.dot(sigma,1.0/self._sigma0**2))\n","          self._P[i:i+3,i:i+3]=sigma\n","          \n","          id1=self._baselines[id][0]\n","          id2=self._baselines[id][1]\n","          Fid=(id1 - self._num_control_pts)*3\n","          Tid=(id2 - self._num_control_pts)*3\n","\n","          #print(id1,id2,Fid,Tid)\n","          if (id1 >= self._num_control_pts):\n","              self._A[i][Fid]=-1\n","              self._A[i+1][Fid+1]=-1\n","              self._A[i+2][Fid+2]=-1\n","\n","          if (id2 >= self._num_control_pts):\n","              self._A[i][Tid]=1\n","              self._A[i+1][Tid+1]=1\n","              self._A[i+2][Tid+2]=1\n","          \n","          FromID = self._baselines[id][0]\n","          ToID   = self._baselines[id][1]\n","          \n","          X1=self._pts[FromID][2]\n","          Y1=self._pts[FromID][3]\n","          Z1=self._pts[FromID][4]\n","          X2=self._pts[ToID][2]\n","          Y2=self._pts[ToID][3]\n","          Z2=self._pts[ToID][4]\n","          \n","          DX=X2-X1\n","          DY=Y2-Y1\n","          DZ=Z2-Z1\n","          self._L[i,0]  = self._baselines[id][4]-DX        \n","          self._L[i+1,0]= self._baselines[id][5]-DY\n","          self._L[i+2,0]= self._baselines[id][6]-DZ\n","          id=id+1                    \n","          \n","\n","  # initial a GNSS Network from Aadj file.\n","  def __read_Adat(self, path,sigma0,ComputeObs):\n","      self._sigma0=sigma0\n","      self._pts_name=[]\n","      f=open(path, \"r\")\n","      self._ProjectName = f.readline()\n","      items=f.readline().split(' ')\n","      \n","      # Load Project infomation: ProjectName\n","      self._num_control_pts = int(items[0])\n","      self._num_obs_pts = int(items[1])\n","      self._num_obs_baselines = int(items[2])\n","      \n","      self._ctrl_pts=[]\n","      # Load control points.\n","      # Point ID start from 0\n","      for i in range(self._num_control_pts):\n","          items=f.readline().split(' ')\n","          ID   = i\n","          name = items[0]\n","          X    = float(items[1])\n","          Y    = float(items[2])\n","          Z    = float(items[3])\n","          ctrl = [ID, name, X, Y, Z]\n","          self._ctrl_pts.append(ctrl)\n","          self._pts.append(ctrl)\n","          self._pts_name.append(name)\n","      \n","      # load baselines\n","      self._baselines=[]\n","      for i in range(self._num_obs_baselines):\n","          items   = f.readline().split(' ')\n","          FromID  = 0\n","          ToID    = 0\n","          fromName= items[0]\n","          toName  = items[1]\n","          dX      = float(items[2])\n","          dY      = float(items[3])\n","          dZ      = float(items[4])\n","          sigma   = np.zeros(6)\n","          for j in range(5,11):\n","              sigma[j-5]=float(items[j])\n","          \n","          # put sigma data as upper triangle matrix\n","          sigma_tri = tri_back(sigma)\n","          sigma_full= sigma_tri+sigma_tri.T\n","          for i in range(3):\n","              sigma_full[i,i]=sigma_full[i,i]/2.0\n","              \n","          baseline=[FromID,ToID,fromName,toName,dX,dY,dZ,sigma_full]\n","          self._baselines.append(baseline)\n","      \n","      print(self._baselines)\n","      # load initial observation points.\n","      # Observation ID start after number of control points.\n","      self._obs_pts=[]\n","      if (ComputeObs==False):\n","          for i in range(self._num_obs_pts):\n","              items=f.readline().split(' ')\n","              ID   = self._num_control_pts + i\n","              name = items[0]\n","              X    = float(items[1])\n","              Y    = float(items[2])\n","              Z    = float(items[3])\n","              obs  = [ID, name, X, Y, Z]\n","              self._obs_pts.append(obs)\n","              self._pts.append(obs)\n","              self._pts_name.append(name)\n","      else:\n","          # 初始化未知測站概略座標\n","          for i in range(self._num_obs_pts):\n","                items=f.readline().split(' ')\n","                ID   = self._num_control_pts + i\n","                name = items[0]\n","                X    = float(items[1])\n","                Y    = float(items[2])\n","                Z    = float(items[3])\n","                obs  = [ID, name, X, Y, Z]\n","                self._obs_pts.append(obs)\n","                self._pts.append(obs)\n","                self._pts_name.append(name)\n","          \n","      f.close()\n","      # 把base_lines裡面的測站名稱& ID放進obs_pts內\n","      pts_name=self._pts_name\n","\n","      for i in range(self._num_obs_baselines):\n","          FromName = self._baselines[i][2]\n","          ToName   = self._baselines[i][3]\n","          self._baselines[i][0]=compare_names(FromName, pts_name)\n","          self._baselines[i][1]=compare_names(ToName, pts_name)\n","      \n","      if (ComputeObs==True):\n","        # 用已知值估算未知測站概略座標\n","        for i in range(self._num_obs_baselines):\n","            id1=self._baselines[i][0]\n","            id2=self._baselines[i][1]\n","            #print(i,id1,id2,self._pts[id1][2],self._pts[id2][2])\n","            if (id1 >= self._num_control_pts):\n","              if (self._pts[id1][2]==0):\n","                  self._pts[id1][1]=self._baselines[i][2]\n","                  self._pts[id1][2]=self._pts[id2][2]-self._baselines[i][4]\n","                  self._pts[id1][3]=self._pts[id2][3]-self._baselines[i][5]\n","                  self._pts[id1][4]=self._pts[id2][4]-self._baselines[i][6]\n","                  #print(self._pts[id1])\n","                    \n","            if (id2 >= self._num_control_pts):    \n","              if (self._pts[id2][2]==0):\n","                  self._pts[id2][1]=self._baselines[i][3]\n","                  self._pts[id2][2]=self._pts[id1][2]+self._baselines[i][4]\n","                  self._pts[id2][3]=self._pts[id1][3]+self._baselines[i][5]\n","                  self._pts[id2][4]=self._pts[id1][4]+self._baselines[i][6]\n","                  #print(self._pts[id2])\n","            \n","        for i in range(self._num_obs_pts):\n","            k=i+self._num_control_pts\n","            self._obs_pts[i][2]=self._pts[k][2]\n","            self._obs_pts[i][3]=self._pts[k][3]\n","            self._obs_pts[i][4]=self._pts[k][4]\n","        #print(self._obs_pts)\n","          \n","  def __GNSS_Report(self,X, V, sigma0, DX, sL, N, U):\n","      print('***** GNSS 最小二乘法 網形平差報表 *****')\n","\n","      print('\\nGNSS Net專案名稱: %s'%(self._ProjectName))\n","\n","      print('\\n控制點數: %d'%(self._num_control_pts))\n","      print('\\n控制點座標')\n","      for i in range(self._num_control_pts):\n","          ctrl=self._ctrl_pts[i]\n","          print('%d %s\\t%14.5f\\t%14.5f\\t%14.5f'%(ctrl[0],ctrl[1],ctrl[2],ctrl[3],ctrl[4]))\n","\n","      print('\\n觀測點數: %d'%(self._num_obs_pts))\n","      print('\\n觀測點概略座標')\n","      for i in range(self._num_obs_pts):\n","          obs=self._obs_pts[i]\n","          print('%d %s\\t%14.5f\\t%14.5f\\t%14.5f'%(obs[0],obs[1],obs[2],obs[3],obs[4]))\n","\n","      print('\\n觀測基線數: %d'%(self._num_obs_baselines))\n","      print('\\n基線觀測資料')\n","      for i in range(self._num_obs_baselines):\n","          BSL=self._baselines[i]\n","          print('%s(%d)  ->  %s(%d)\\t%12.4f\\t%12.4f\\t%12.4f'%\n","                (BSL[2],BSL[0],BSL[3],BSL[1],BSL[4],BSL[5],BSL[6]))\n","\n","      Matrix_print(self._A,'設計矩陣A')\n","      Matrix_print(self._L,'觀測矩陣L')\n","\n","      Matrix_print(self._P,'加權矩陣P')\n","      Matrix_print(N,'法方程式 N矩陣')\n","\n","      print('\\n單位權標準誤差：+/- %.5f'%(sigma0) )\n","\n","      sX=np.diag(DX)**0.5\n","      print('\\n控制點及觀測點座標')\n","      for i in range(self._num_control_pts):\n","          ctrl=self._ctrl_pts[i]\n","          print('%d %s %14.5f %14.5f %14.5f'%(ctrl[0],ctrl[1],ctrl[2],ctrl[3],ctrl[4]))\n","\n","      id=0    \n","      for i in range(0,self._num_obs_pts*3,3):\n","          obs=self._obs_pts[id]\n","          print('%d %s %14.5f %14.5f %14.5f %6.5f %6.5f %6.5f'\n","                %(obs[0],obs[1],obs[2]+X[i],obs[3]+X[i+1],obs[4]+X[i+2],\n","                  sX[i],sX[i+1],sX[i+2]))\n","          id+=1\n","      print('\\n基線平差結果與精度分析')\n","      id=0    \n","      for i in range(0,self._num_obs_baselines*3,3):\n","          BSL=self._baselines[id]\n","          dx=BSL[4]+V[i]\n","          dy=BSL[5]+V[i+1]\n","          dz=BSL[6]+V[i+2]\n","          print('%s(%d) -> %s (%d) %12.5f %12.5f %12.5f %6.5f %6.5f %6.5f'\n","                %(BSL[2],BSL[0],BSL[3],BSL[1],dx,dy,dz,sL[i],sL[i+1],sL[i+2]))\n","          id+=1\n","      #Matrix_print2(X,sX,'未知數及精度分析',unit='m')\n","      #Matrix_print(sL,'觀測量精度矩陣')\n","      Matrix_print(U,'法方程式 U矩陣')\n","      Matrix_print(X,'未知數X')\n","      Matrix_print(V,'誤差矩陣V')\n","      "],"execution_count":0,"outputs":[]},{"cell_type":"markdown","metadata":{"id":"QKVwjiUUXkK2","colab_type":"text"},"source":["### 範例\n","<img src='https://drive.google.com/uc?id=1d2g0QpjfGRF7xpn98Z3ijBV1jo4gmwD4'>"]},{"cell_type":"markdown","metadata":{"id":"6X0TeQXnXsx3","colab_type":"text"},"source":["### 呼叫GNSSNet物件類別\n","\n","1. 初始化物件類別\n","2. 從GNSS輸入檔案(.Adat)格式輸入GNSS網形"]},{"cell_type":"code","metadata":{"id":"5tOzgPz1Y3PN","colab_type":"code","outputId":"b98b4522-c5f3-43c6-ede4-1e7f891b72cc","executionInfo":{"status":"ok","timestamp":1575471180516,"user_tz":-480,"elapsed":1776,"user":{"displayName":"Geodesy CNU","photoUrl":"","userId":"05784265120908310594"}},"colab":{"base_uri":"https://localhost:8080/","height":34}},"source":["from google.colab import drive\n","drive.mount('/content/drive/')\n"],"execution_count":7,"outputs":[{"output_type":"stream","text":["Drive already mounted at /content/drive/; to attempt to forcibly remount, call drive.mount(\"/content/drive/\", force_remount=True).\n"],"name":"stdout"}]},{"cell_type":"code","metadata":{"id":"6vsoOB8E-bG2","colab_type":"code","colab":{"base_uri":"https://localhost:8080/","height":510},"outputId":"3939d495-a94b-42db-896b-b5f7d69faf05","executionInfo":{"status":"ok","timestamp":1575471559882,"user_tz":-480,"elapsed":1404,"user":{"displayName":"Geodesy CNU","photoUrl":"","userId":"05784265120908310594"}}},"source":["data_dir='drive/My Drive/Colab Notebooks/Labs/Lab4_Adjustment/'\n","gnss_file=data_dir+'ex178.Adat'\n","psigma0=1\n","\n","# 建立一個新的GNSS網形平差物件\n","wolf_gnss_net=GNSS_net()\n","\n","# ComputeObs=True代表要由程式自動計算概略座標\n","wolf_gnss_net.GNSS_read_Adat(gnss_file,psigma0, ComputeObs=True)"],"execution_count":13,"outputs":[{"output_type":"stream","text":["[[0, 0, 'A', 'C', 11644.2232, 3601.2165, 3399.255, array([[ 9.884e-04, -9.580e-06,  9.520e-06],\n","       [-9.580e-06,  9.377e-04, -9.520e-06],\n","       [ 9.520e-06, -9.520e-06,  9.827e-04]])], [0, 0, 'A', 'E', -5321.7164, 3634.0754, 3173.6652, array([[ 2.158e-04, -2.100e-06,  2.160e-06],\n","       [-2.100e-06,  1.919e-04, -2.100e-06],\n","       [ 2.160e-06, -2.100e-06,  2.005e-04]])], [0, 0, 'B', 'C', 3960.5442, -6681.2467, -7279.0148, array([[ 2.305e-04, -2.230e-06,  2.070e-06],\n","       [-2.230e-06,  2.546e-04, -2.230e-06],\n","       [ 2.070e-06, -2.230e-06,  2.252e-04]])], [0, 0, 'B', 'D', -11167.6076, -394.5204, -907.9593, array([[ 2.700e-04, -2.750e-06,  2.850e-06],\n","       [-2.750e-06,  2.721e-04, -2.720e-06],\n","       [ 2.850e-06, -2.720e-06,  2.670e-04]])], [0, 0, 'D', 'C', 15128.1647, -6286.7054, -6371.0583, array([[ 1.461e-04, -1.430e-06,  1.340e-06],\n","       [-1.430e-06,  1.614e-04, -1.440e-06],\n","       [ 1.340e-06, -1.440e-06,  1.308e-04]])], [0, 0, 'D', 'E', -1837.7459, -6253.8534, -6596.6697, array([[ 1.231e-04, -1.190e-06,  1.220e-06],\n","       [-1.190e-06,  1.277e-04, -1.210e-06],\n","       [ 1.220e-06, -1.210e-06,  1.283e-04]])], [0, 0, 'F', 'A', -1116.4523, -4596.161, -4355.9062, array([[ 7.475e-05, -7.900e-07,  8.800e-07],\n","       [-7.900e-07,  6.593e-05, -8.100e-07],\n","       [ 8.800e-07, -8.100e-07,  7.616e-05]])], [0, 0, 'F', 'C', 10527.7852, -994.9377, -956.6246, array([[ 2.567e-04, -2.250e-06,  2.400e-06],\n","       [-2.250e-06,  2.163e-04, -2.270e-06],\n","       [ 2.400e-06, -2.270e-06,  2.397e-04]])], [0, 0, 'F', 'E', -6438.1364, -962.0694, -1182.2305, array([[ 9.442e-05, -9.200e-07,  1.040e-06],\n","       [-9.200e-07,  9.959e-05, -8.900e-07],\n","       [ 1.040e-06, -8.900e-07,  8.826e-05]])], [0, 0, 'F', 'D', -4600.3787, 5291.7785, 5414.4311, array([[ 9.330e-05, -9.900e-07,  9.000e-07],\n","       [-9.900e-07,  9.875e-05, -9.900e-07],\n","       [ 9.000e-07, -9.900e-07,  1.204e-04]])], [0, 0, 'F', 'B', 6567.2311, 5686.2926, 6322.3917, array([[ 6.643e-05, -6.500e-07,  6.900e-07],\n","       [-6.500e-07,  7.465e-05, -6.400e-07],\n","       [ 6.900e-07, -6.400e-07,  6.048e-05]])], [0, 0, 'B', 'F', -6567.231, -5686.3033, -6322.3807, array([[ 5.512e-05, -6.300e-07,  6.100e-07],\n","       [-6.300e-07,  7.472e-05, -6.300e-07],\n","       [ 6.100e-07, -6.300e-07,  6.629e-05]])], [0, 0, 'A', 'F', 1116.4577, 4596.1553, 4355.9141, array([[ 6.619e-05, -8.000e-07,  9.000e-07],\n","       [-8.000e-07,  8.108e-05, -8.200e-07],\n","       [ 9.000e-07, -8.200e-07,  9.376e-05]])], [0, 0, 'A', 'B', 7683.6883, 10282.455, 10678.3008, array([[ 7.2397e-04, -7.2800e-06,  7.5200e-06],\n","       [-7.2800e-06,  6.7620e-04, -7.2900e-06],\n","       [ 7.5200e-06, -7.2900e-06,  7.3100e-04]])]]\n"],"name":"stdout"}]},{"cell_type":"markdown","metadata":{"id":"UiTsMHjl-bG7","colab_type":"text"},"source":["## 使用GNSSNet物件類別內的方法\n","\n","1. GNSS_design_matrix設計矩陣\n","2. GNSS_LSEA最小二乘法模組 (外部方法)\n","3. GNSS_Report產製報表"]},{"cell_type":"code","metadata":{"id":"S3rnWUKG-bG8","colab_type":"code","outputId":"f28fc26d-c0d3-4320-cda0-b7ab68d257fb","colab":{"base_uri":"https://localhost:8080/","height":1000},"executionInfo":{"status":"ok","timestamp":1575471569364,"user_tz":-480,"elapsed":851,"user":{"displayName":"Geodesy CNU","photoUrl":"","userId":"05784265120908310594"}}},"source":["# 組成設計矩陣\n","wolf_gnss_net.GNSS_design_matrix()\n","\n","# 最小二乘法\n","X, V, sigma0, DX, sL, P, N, U = GNSS_LSEA(wolf_gnss_net.A, wolf_gnss_net.L,wolf_gnss_net.P)\n","\n","wolf_gnss_net.GNSS_Report(X, V, sigma0, DX, sL, N, U)"],"execution_count":14,"outputs":[{"output_type":"stream","text":["***** GNSS 最小二乘法 網形平差報表 *****\n","\n","GNSS Net專案名稱: Example 17.8\n","\n","\n","控制點數: 2\n","\n","控制點座標\n","0 A\t     402.35087\t-4652995.30109\t 4349760.77753\n","1 B\t    8086.03178\t-4642712.84739\t 4360439.08326\n","\n","觀測點數: 4\n","\n","觀測點概略座標\n","2 C\t   12046.57407\t-4649394.08459\t 4353160.03253\n","3 D\t   -3081.57582\t-4643107.36779\t 4359531.12396\n","4 E\t   -4919.36553\t-4649361.22569\t 4352934.44273\n","5 F\t    1518.80317\t-4648399.14009\t 4354116.68373\n","\n","觀測基線數: 14\n","\n","基線觀測資料\n","A(0)  ->  C(2)\t  11644.2232\t   3601.2165\t   3399.2550\n","A(0)  ->  E(4)\t  -5321.7164\t   3634.0754\t   3173.6652\n","B(1)  ->  C(2)\t   3960.5442\t  -6681.2467\t  -7279.0148\n","B(1)  ->  D(3)\t -11167.6076\t   -394.5204\t   -907.9593\n","D(3)  ->  C(2)\t  15128.1647\t  -6286.7054\t  -6371.0583\n","D(3)  ->  E(4)\t  -1837.7459\t  -6253.8534\t  -6596.6697\n","F(5)  ->  A(0)\t  -1116.4523\t  -4596.1610\t  -4355.9062\n","F(5)  ->  C(2)\t  10527.7852\t   -994.9377\t   -956.6246\n","F(5)  ->  E(4)\t  -6438.1364\t   -962.0694\t  -1182.2305\n","F(5)  ->  D(3)\t  -4600.3787\t   5291.7785\t   5414.4311\n","F(5)  ->  B(1)\t   6567.2311\t   5686.2926\t   6322.3917\n","B(1)  ->  F(5)\t  -6567.2310\t  -5686.3033\t  -6322.3807\n","A(0)  ->  F(5)\t   1116.4577\t   4596.1553\t   4355.9141\n","A(0)  ->  B(1)\t   7683.6883\t  10282.4550\t  10678.3008\n","\n","設計矩陣A\n","[[ 1.  0.  0.  0.  0.  0.  0.  0.  0.  0.  0.  0.]\n"," [ 0.  1.  0.  0.  0.  0.  0.  0.  0.  0.  0.  0.]\n"," [ 0.  0.  1.  0.  0.  0.  0.  0.  0.  0.  0.  0.]\n"," [ 0.  0.  0.  0.  0.  0.  1.  0.  0.  0.  0.  0.]\n"," [ 0.  0.  0.  0.  0.  0.  0.  1.  0.  0.  0.  0.]\n"," [ 0.  0.  0.  0.  0.  0.  0.  0.  1.  0.  0.  0.]\n"," [ 1.  0.  0.  0.  0.  0.  0.  0.  0.  0.  0.  0.]\n"," [ 0.  1.  0.  0.  0.  0.  0.  0.  0.  0.  0.  0.]\n"," [ 0.  0.  1.  0.  0.  0.  0.  0.  0.  0.  0.  0.]\n"," [ 0.  0.  0.  1.  0.  0.  0.  0.  0.  0.  0.  0.]\n"," [ 0.  0.  0.  0.  1.  0.  0.  0.  0.  0.  0.  0.]\n"," [ 0.  0.  0.  0.  0.  1.  0.  0.  0.  0.  0.  0.]\n"," [ 1.  0.  0. -1.  0.  0.  0.  0.  0.  0.  0.  0.]\n"," [ 0.  1.  0.  0. -1.  0.  0.  0.  0.  0.  0.  0.]\n"," [ 0.  0.  1.  0.  0. -1.  0.  0.  0.  0.  0.  0.]\n"," [ 0.  0.  0. -1.  0.  0.  1.  0.  0.  0.  0.  0.]\n"," [ 0.  0.  0.  0. -1.  0.  0.  1.  0.  0.  0.  0.]\n"," [ 0.  0.  0.  0.  0. -1.  0.  0.  1.  0.  0.  0.]\n"," [ 0.  0.  0.  0.  0.  0.  0.  0.  0. -1.  0.  0.]\n"," [ 0.  0.  0.  0.  0.  0.  0.  0.  0.  0. -1.  0.]\n"," [ 0.  0.  0.  0.  0.  0.  0.  0.  0.  0.  0. -1.]\n"," [ 1.  0.  0.  0.  0.  0.  0.  0.  0. -1.  0.  0.]\n"," [ 0.  1.  0.  0.  0.  0.  0.  0.  0.  0. -1.  0.]\n"," [ 0.  0.  1.  0.  0.  0.  0.  0.  0.  0.  0. -1.]\n"," [ 0.  0.  0.  0.  0.  0.  1.  0.  0. -1.  0.  0.]\n"," [ 0.  0.  0.  0.  0.  0.  0.  1.  0.  0. -1.  0.]\n"," [ 0.  0.  0.  0.  0.  0.  0.  0.  1.  0.  0. -1.]\n"," [ 0.  0.  0.  1.  0.  0.  0.  0.  0. -1.  0.  0.]\n"," [ 0.  0.  0.  0.  1.  0.  0.  0.  0.  0. -1.  0.]\n"," [ 0.  0.  0.  0.  0.  1.  0.  0.  0.  0.  0. -1.]\n"," [ 0.  0.  0.  0.  0.  0.  0.  0.  0. -1.  0.  0.]\n"," [ 0.  0.  0.  0.  0.  0.  0.  0.  0.  0. -1.  0.]\n"," [ 0.  0.  0.  0.  0.  0.  0.  0.  0.  0.  0. -1.]\n"," [ 0.  0.  0.  0.  0.  0.  0.  0.  0.  1.  0.  0.]\n"," [ 0.  0.  0.  0.  0.  0.  0.  0.  0.  0.  1.  0.]\n"," [ 0.  0.  0.  0.  0.  0.  0.  0.  0.  0.  0.  1.]\n"," [ 0.  0.  0.  0.  0.  0.  0.  0.  0.  1.  0.  0.]\n"," [ 0.  0.  0.  0.  0.  0.  0.  0.  0.  0.  1.  0.]\n"," [ 0.  0.  0.  0.  0.  0.  0.  0.  0.  0.  0.  1.]\n"," [ 0.  0.  0.  0.  0.  0.  0.  0.  0.  0.  0.  0.]\n"," [ 0.  0.  0.  0.  0.  0.  0.  0.  0.  0.  0.  0.]\n"," [ 0.  0.  0.  0.  0.  0.  0.  0.  0.  0.  0.  0.]]\n","\n","觀測矩陣L\n","[[ 0.00000000e+00]\n"," [-9.68611857e-11]\n"," [ 1.11867848e-10]\n"," [ 0.00000000e+00]\n"," [-4.37921699e-10]\n"," [ 3.02406988e-10]\n"," [ 1.91000000e-03]\n"," [-9.49999968e-03]\n"," [ 3.59300003e-02]\n"," [ 0.00000000e+00]\n"," [-1.95200300e-10]\n"," [ 2.20552465e-10]\n"," [ 1.48100000e-02]\n"," [ 1.14000005e-02]\n"," [ 3.31300000e-02]\n"," [ 4.38100000e-02]\n"," [ 4.50000018e-03]\n"," [ 1.15300002e-02]\n"," [ 0.00000000e+00]\n"," [ 3.12866177e-10]\n"," [ 8.45830073e-11]\n"," [ 1.43000000e-02]\n"," [ 6.80000022e-03]\n"," [ 2.66000002e-02]\n"," [ 3.23000000e-02]\n"," [ 1.61999999e-02]\n"," [ 1.05000004e-02]\n"," [ 2.89999999e-04]\n"," [ 6.19999970e-03]\n"," [-9.12999983e-03]\n"," [ 2.49000000e-03]\n"," [-1.00000108e-04]\n"," [-7.83000005e-03]\n"," [-2.39000000e-03]\n"," [-1.05999999e-02]\n"," [ 1.88300001e-02]\n"," [ 5.40000000e-03]\n"," [-5.70000031e-03]\n"," [ 7.89999992e-03]\n"," [ 7.39000000e-03]\n"," [ 1.29999958e-03]\n"," [-4.93000014e-03]]\n","\n","加權矩陣P\n","[[1011.92885404   10.23983869   -9.7039579  ...    0.\n","     0.            0.        ]\n"," [  10.23983869 1066.64767604   10.23405171 ...    0.\n","     0.            0.        ]\n"," [  -9.7039579    10.23405171 1017.79771024 ...    0.\n","     0.            0.        ]\n"," ...\n"," [   0.            0.            0.         ... 1381.56685116\n","    14.72237123  -14.06574095]\n"," [   0.            0.            0.         ...   14.72237123\n","  1479.16830984   14.59976026]\n"," [   0.            0.            0.         ...  -14.06574095\n","    14.59976026 1368.27935243]]\n","\n","法方程式 N矩陣\n","[[ 1.60932054e+04  1.48058456e+02 -1.57319738e+02 -6.84585176e+03\n","  -6.00342487e+01  6.94724162e+01  0.00000000e+00  0.00000000e+00\n","   0.00000000e+00 -3.89631086e+03 -4.01248500e+01  3.86318842e+01]\n"," [ 1.48058456e+02  1.58160482e+04  1.59785150e+02 -6.00342487e+01\n","  -6.19692196e+03 -6.76079643e+01  0.00000000e+00  0.00000000e+00\n","   0.00000000e+00 -4.01248500e+01 -4.62408125e+03 -4.33890897e+01]\n"," [-1.57319738e+02  1.59785150e+02  1.72784352e+04  6.94724162e+01\n","  -6.76079643e+01 -7.64671597e+03  0.00000000e+00  0.00000000e+00\n","   0.00000000e+00  3.86318842e+01 -4.33890897e+01 -4.17267922e+03]\n"," [-6.84585176e+03 -6.00342487e+01  6.94724162e+01  2.93953167e+04\n","   2.78748270e+02 -2.64445887e+02 -8.12496045e+03 -7.49888342e+01\n","   7.65527300e+01 -1.07200101e+04 -1.06676929e+02  7.92558049e+01]\n"," [-6.00342487e+01 -6.19692196e+03 -6.76079643e+01  2.78748270e+02\n","   2.78335104e+04  2.60297441e+02 -7.49888342e+01 -7.83224551e+03\n","  -7.31530062e+01 -1.06676929e+02 -1.01284787e+04 -8.24849225e+01]\n"," [ 6.94724162e+01 -6.76079643e+01 -7.64671597e+03 -2.64445887e+02\n","   2.60297441e+02  2.74953985e+04  7.65527300e+01 -7.31530062e+01\n","  -7.79565011e+03  7.92558049e+01 -8.24849225e+01 -8.30691852e+03]\n"," [ 0.00000000e+00  0.00000000e+00  0.00000000e+00 -8.12496045e+03\n","  -7.49888342e+01  7.65527300e+01  2.33531469e+04  2.21921476e+02\n","  -2.49808188e+02 -1.05932834e+04 -9.67526375e+01  1.23848911e+02]\n"," [ 0.00000000e+00  0.00000000e+00  0.00000000e+00 -7.49888342e+01\n","  -7.83224551e+03 -7.31530062e+01  2.21921476e+02  2.30873910e+04\n","   2.27335445e+02 -9.67526375e+01 -1.00429574e+04 -1.00131536e+02]\n"," [ 0.00000000e+00  0.00000000e+00  0.00000000e+00  7.65527300e+01\n","  -7.31530062e+01 -7.79565011e+03 -2.49808188e+02  2.27335445e+02\n","   2.41169096e+04  1.23848911e+02 -1.00131536e+02 -1.13326300e+04]\n"," [-3.89631086e+03 -4.01248500e+01  3.86318842e+01 -1.07200101e+04\n","  -1.06676929e+02  7.92558049e+01 -1.05932834e+04 -9.67526375e+01\n","   1.23848911e+02  8.69050456e+04  8.30908185e+02 -8.74374602e+02]\n"," [-4.01248500e+01 -4.62408125e+03 -4.33890897e+01 -1.06676929e+02\n","  -1.01284787e+04 -8.24849225e+01 -9.67526375e+01 -1.00429574e+04\n","  -1.00131536e+02  8.30908185e+02  7.90868251e+04  7.58119694e+02]\n"," [ 3.86318842e+01 -4.33890897e+01 -4.17267922e+03  7.92558049e+01\n","  -8.24849225e+01 -8.30691852e+03  1.23848911e+02 -1.00131536e+02\n","  -1.13326300e+04 -8.74374602e+02  7.58119694e+02  7.92395545e+04]]\n","\n","單位權標準誤差：+/- 0.67396\n","\n","控制點及觀測點座標\n","0 A      402.35087 -4652995.30109  4349760.77753\n","1 B     8086.03178 -4642712.84739  4360439.08326\n","2 C    12046.58076 -4649394.08256  4353160.06443 0.00579 0.00583 0.00569\n","3 D    -3081.58313 -4643107.36915  4359531.12333 0.00471 0.00482 0.00489\n","4 E    -4919.33908 -4649361.21987  4352934.45480 0.00499 0.00502 0.00493\n","5 F     1518.80119 -4648399.14533  4354116.69141 0.00254 0.00269 0.00266\n","\n","基線平差結果與精度分析\n","A(0) -> C (2)  11644.22989   3601.21853   3399.28690 0.00579 0.00583 0.00569\n","A(0) -> E (4)  -5321.68995   3634.08122   3173.67727 0.00499 0.00502 0.00493\n","B(1) -> C (2)   3960.54898  -6681.23517  -7279.01883 0.00579 0.00583 0.00569\n","B(1) -> D (3) -11167.61491   -394.52176   -907.95993 0.00471 0.00482 0.00489\n","D(3) -> C (2)  15128.16389  -6286.71341  -6371.05890 0.00589 0.00602 0.00574\n","D(3) -> E (4)  -1837.75595  -6253.85072  -6596.66853 0.00526 0.00533 0.00534\n","F(5) -> A (0)  -1116.45032  -4596.15576  -4355.91388 0.00254 0.00269 0.00266\n","F(5) -> C (2)  10527.77957   -994.93723   -956.62698 0.00576 0.00576 0.00566\n","F(5) -> E (4)  -6438.14027   -962.07454  -1182.23661 0.00473 0.00477 0.00467\n","F(5) -> D (3)  -4600.38431   5291.77617   5414.43192 0.00446 0.00455 0.00469\n","F(5) -> B (1)   6567.23059   5686.29794   6322.39185 0.00254 0.00269 0.00266\n","B(1) -> F (5)  -6567.23059  -5686.29794  -6322.39185 0.00254 0.00269 0.00266\n","A(0) -> F (5)   1116.45032   4596.15576   4355.91388 0.00254 0.00269 0.00266\n","A(0) -> B (1)   7683.68091  10282.45370  10678.30573 0.00000 0.00000 0.00000\n","\n","法方程式 U矩陣\n","[[ 161.24261478]\n"," [  71.08296448]\n"," [ 522.94552905]\n"," [-450.68534252]\n"," [ -51.07328078]\n"," [-415.29054713]\n"," [ 697.83934572]\n"," [ 206.24621924]\n"," [ 203.47369243]\n"," [-409.16457705]\n"," [-468.5608108 ]\n"," [ 343.99369192]]\n","\n","未知數X\n","[[ 0.00669031]\n"," [ 0.0020309 ]\n"," [ 0.03189993]\n"," [-0.0073066 ]\n"," [-0.00136127]\n"," [-0.00062781]\n"," [ 0.02644939]\n"," [ 0.00582007]\n"," [ 0.01206916]\n"," [-0.00198321]\n"," [-0.00523591]\n"," [ 0.00767926]]\n","\n","誤差矩陣V\n","[[ 0.00669031]\n"," [ 0.0020309 ]\n"," [ 0.03189993]\n"," [ 0.02644939]\n"," [ 0.00582007]\n"," [ 0.01206916]\n"," [ 0.00478031]\n"," [ 0.0115309 ]\n"," [-0.00403007]\n"," [-0.0073066 ]\n"," [-0.00136127]\n"," [-0.00062781]\n"," [-0.0008131 ]\n"," [-0.00800783]\n"," [-0.00060225]\n"," [-0.01005401]\n"," [ 0.00268134]\n"," [ 0.00116698]\n"," [ 0.00198321]\n"," [ 0.00523591]\n"," [-0.00767926]\n"," [-0.00562649]\n"," [ 0.00046681]\n"," [-0.00237932]\n"," [-0.0038674 ]\n"," [-0.00514402]\n"," [-0.00611009]\n"," [-0.00561339]\n"," [-0.00232536]\n"," [ 0.00082293]\n"," [-0.00050679]\n"," [ 0.00533591]\n"," [ 0.00015074]\n"," [ 0.00040679]\n"," [ 0.00536409]\n"," [-0.01115074]\n"," [-0.00738321]\n"," [ 0.00046409]\n"," [-0.00022074]\n"," [-0.00739   ]\n"," [-0.0013    ]\n"," [ 0.00493   ]]\n"],"name":"stdout"}]},{"cell_type":"code","metadata":{"id":"wrGfq-h7-bHA","colab_type":"code","outputId":"a46eb555-30e1-4bd2-aef7-4a61d542f593","colab":{"base_uri":"https://localhost:8080/","height":1000},"executionInfo":{"status":"ok","timestamp":1575471676204,"user_tz":-480,"elapsed":1237,"user":{"displayName":"Geodesy CNU","photoUrl":"","userId":"05784265120908310594"}}},"source":["data_dir='drive/My Drive/Colab Notebooks/Labs/Lab4_Adjustment/'\n","gnss_file=data_dir+'ex13.Adat'\n","psigma0=0.00298\n","\n","# 建立一個新的GNSS網形平差物件\n","wolf_gnss_net=GNSS_net()\n","\n","# 從給定的資料讀取資料\n","wolf_gnss_net.GNSS_read_Adat(gnss_file,psigma0)\n","\n","# 組成設計矩陣\n","wolf_gnss_net.GNSS_design_matrix()\n","\n","# 最小二乘法\n","X, V, sigma0, DX, sL, P, N, U = GNSS_LSEA(wolf_gnss_net.A, wolf_gnss_net.L,wolf_gnss_net.P)\n","\n","wolf_gnss_net.GNSS_Report(X, V, sigma0, DX, sL, N, U)"],"execution_count":15,"outputs":[{"output_type":"stream","text":["[[0, 0, 'B', 'A', -1218.561, -1039.227, 1737.72, array([[ 2.320999e-07, -5.097008e-07, -4.371401e-07],\n","       [-5.097008e-07,  1.339931e-06,  1.109356e-06],\n","       [-4.371401e-07,  1.109356e-06,  1.008592e-06]])], [0, 0, 'D', 'A', 270.457, -503.208, 1879.923, array([[ 1.004894e-06, -2.396533e-06, -2.319683e-06],\n","       [-2.396533e-06,  6.341291e-06,  5.902876e-06],\n","       [-2.319683e-06,  5.902876e-06,  6.035577e-06]])], [0, 0, 'D', 'B', 1489.013, 536.03, 142.218, array([[ 5.850064e-07, -1.329620e-06, -1.252374e-06],\n","       [-1.329620e-06,  3.362548e-06,  3.069820e-06],\n","       [-1.252374e-06,  3.069820e-06,  3.019233e-06]])], [0, 0, 'C', 'B', 1405.531, -178.157, 1171.38, array([[ 1.205319e-06, -2.636702e-06, -2.174106e-06],\n","       [-2.636702e-06,  6.858585e-06,  5.480745e-06],\n","       [-2.174106e-06,  5.480745e-06,  4.820125e-06]])], [0, 0, 'D', 'C', 83.497, 714.153, -1029.199, array([[ 9.662657e-06, -2.175476e-05, -1.971468e-05],\n","       [-2.175476e-05,  5.194777e-05,  4.633565e-05],\n","       [-1.971468e-05,  4.633565e-05,  4.324110e-05]])]]\n","***** GNSS 最小二乘法 網形平差報表 *****\n","\n","GNSS Net專案名稱: Example 13\n","\n","\n","控制點數: 1\n","\n","控制點座標\n","0 A\t-1974638.73400\t 4590014.81900\t 3953144.92350\n","\n","觀測點數: 3\n","\n","觀測點概略座標\n","1 B\t-1973420.17400\t 4591054.04670\t 3591407.20500\n","2 C\t-1974825.70100\t 4591232.19400\t 3950235.81300\n","3 D\t-1974909.19800\t 4590518.04100\t 3951265.01200\n","\n","觀測基線數: 5\n","\n","基線觀測資料\n","B(1)  ->  A(0)\t  -1218.5610\t  -1039.2270\t   1737.7200\n","D(3)  ->  A(0)\t    270.4570\t   -503.2080\t   1879.9230\n","D(3)  ->  B(1)\t   1489.0130\t    536.0300\t    142.2180\n","C(2)  ->  B(1)\t   1405.5310\t   -178.1570\t   1171.3800\n","D(3)  ->  C(2)\t     83.4970\t    714.1530\t  -1029.1990\n","\n","設計矩陣A\n","[[-1.  0.  0.  0.  0.  0.  0.  0.  0.]\n"," [ 0. -1.  0.  0.  0.  0.  0.  0.  0.]\n"," [ 0.  0. -1.  0.  0.  0.  0.  0.  0.]\n"," [ 0.  0.  0.  0.  0.  0. -1.  0.  0.]\n"," [ 0.  0.  0.  0.  0.  0.  0. -1.  0.]\n"," [ 0.  0.  0.  0.  0.  0.  0.  0. -1.]\n"," [ 1.  0.  0.  0.  0.  0. -1.  0.  0.]\n"," [ 0.  1.  0.  0.  0.  0.  0. -1.  0.]\n"," [ 0.  0.  1.  0.  0.  0.  0.  0. -1.]\n"," [ 1.  0.  0. -1.  0.  0.  0.  0.  0.]\n"," [ 0.  1.  0.  0. -1.  0.  0.  0.  0.]\n"," [ 0.  0.  1.  0.  0. -1.  0.  0.  0.]\n"," [ 0.  0.  0.  1.  0.  0. -1.  0.  0.]\n"," [ 0.  0.  0.  0.  1.  0.  0. -1.  0.]\n"," [ 0.  0.  0.  0.  0.  1.  0.  0. -1.]]\n","\n","觀測矩陣L\n","[[-1.00000018e-03]\n"," [ 6.99999697e-04]\n"," [-3.59999998e+05]\n"," [-7.00000015e-03]\n"," [ 1.40000001e-02]\n"," [ 1.15000001e-02]\n"," [-1.10000000e-02]\n"," [ 2.43000004e-02]\n"," [ 3.60000025e+05]\n"," [ 4.00000023e-03]\n"," [-9.69999970e-03]\n"," [ 3.59999988e+05]\n"," [-2.06753725e-10]\n"," [ 6.70752343e-11]\n"," [ 2.22826202e-11]]\n","\n","加權矩陣P\n","[[248.97971919  60.06570112  41.84523912   0.           0.\n","    0.           0.           0.           0.           0.\n","    0.           0.           0.           0.           0.        ]\n"," [ 60.06570112  88.65216798 -71.47556977   0.           0.\n","    0.           0.           0.           0.           0.\n","    0.           0.           0.           0.           0.        ]\n"," [ 41.84523912 -71.47556977 105.55753386   0.           0.\n","    0.           0.           0.           0.           0.\n","    0.           0.           0.           0.           0.        ]\n"," [  0.           0.           0.         104.98089317  23.62199317\n","   17.24519406   0.           0.           0.           0.\n","    0.           0.           0.           0.           0.        ]\n"," [  0.           0.           0.          23.62199317  20.94428782\n","  -11.40504013   0.           0.           0.           0.\n","    0.           0.           0.           0.           0.        ]\n"," [  0.           0.           0.          17.24519406 -11.40504013\n","   19.25355624   0.           0.           0.           0.\n","    0.           0.           0.           0.           0.        ]\n"," [  0.           0.           0.           0.           0.\n","    0.         169.4588213   39.51284706  30.11642152   0.\n","    0.       