{
  "nbformat": 4,
  "nbformat_minor": 0,
  "metadata": {
    "colab": {
      "name": "Wolf_GPS_net_v2.1.ipynb",
      "provenance": [],
      "collapsed_sections": []
    },
    "kernelspec": {
      "display_name": "Python 3",
      "language": "python",
      "name": "python3"
    },
    "language_info": {
      "codemirror_mode": {
        "name": "ipython",
        "version": 3
      },
      "file_extension": ".py",
      "mimetype": "text/x-python",
      "name": "python",
      "nbconvert_exporter": "python",
      "pygments_lexer": "ipython3",
      "version": "3.7.3"
    }
  },
  "cells": [
    {
      "cell_type": "markdown",
      "metadata": {
        "colab_type": "text",
        "id": "8ilwUYr1WgHM"
      },
      "source": [
        "# GNSS 網形平差\n",
        "\n",
        "GPS定位中，在任意二個測站上使用GPS衛星接收儀同步觀測成果，可得到二點之間的基線(Base Line)向量觀測值，它是在WGS空間坐標系下的三維坐標差。為了提高定位結果之精度與可靠度，通常需將不同時段觀測的基線向量聯結成網並進行整體平差。由該基線向量構成的網稱為GPS網形，一般採用間接觀測方法進行整體平差。\n",
        "\n",
        "## 1. 函數模型\n",
        "GPS網中各待定點的空間直角坐標平差值為參數，該參數之型式定為：\n",
        "\n",
        "$\\begin{bmatrix}\\hat{X}_i \\\\ \\hat{Y}_i \\\\ \\hat{Z}_i\\end{bmatrix}=\n",
        "\\begin{bmatrix}X^0_i \\\\ Y^0_i \\\\ Z^0_i\\end{bmatrix}+\n",
        "\\begin{bmatrix}\\delta X_i \\\\ \\delta Y_i \\\\ \\delta Z_i\\end{bmatrix}\n",
        "$\n",
        "\n",
        "若GPS 基線向量觀測值為：\n",
        "$\\begin{equation}(\\Delta X_{ij},\\Delta Y_{ij},\\Delta Z_{ij})\\end{equation}$\n",
        "\n",
        "  $\\begin{equation}\\Delta X_{ij} = X_j - X_i \\end{equation}$\n",
        "\n",
        "  $\\begin{equation}\\Delta Y_{ij} = Y_j - Y_i\\end{equation}$\n",
        "\n",
        "  $\\begin{equation}\\Delta Z_{ij} = Z_j - Z_i\\end{equation}$\n",
        "\n",
        "則三維坐標差，即基線向量觀測值的平差值為：\n",
        "\n",
        "$\\begin{bmatrix}v_{X_{ij}} \\\\ v_{Y_{ij}} \\\\ v_{Z_{ij}} \\end{bmatrix}=\n",
        "\\begin{bmatrix}\\delta x_j \\\\ \\delta x_j \\\\ \\delta z_j\\end{bmatrix} -\n",
        "\\begin{bmatrix}\\delta x_i \\\\ \\delta x_i \\\\ \\delta z_i\\end{bmatrix} +\n",
        "\\begin{bmatrix}X^0_i - X^0_j - \\Delta X_{ij} \\\\ \n",
        "Y^0_i - Y^0_j - \\Delta Y_{ij} \\\\\n",
        "Z^0_i - Z^0_j - \\Delta Z_{ij}\\end{bmatrix}\n",
        "$\n",
        "\n",
        "或\n",
        "$\\begin{bmatrix}v_{X_{ij}} \\\\ v_{Y_{ij}} \\\\ v_{Z_{ij}} \\end{bmatrix}=\n",
        "\\begin{bmatrix}\\delta x_j \\\\ \\delta y_j \\\\ \\delta z_j\\end{bmatrix} -\n",
        "\\begin{bmatrix}\\delta x_i \\\\ \\delta y_i \\\\ \\delta z_i\\end{bmatrix} +\n",
        "\\begin{bmatrix}\\Delta X_{ij} - \\Delta X^0_{ij} \\\\ \n",
        "\\Delta Y_{ij} - \\Delta Y^0_{ij} \\\\\n",
        "\\Delta Z_{ij} - \\Delta Z^0_{ij} \\end{bmatrix}\n",
        "$\n",
        "\n",
        "令\n",
        "$V_k=\\begin{bmatrix}v_{X_{ij}} \\\\ v_{Y_{ij}} \\\\ v_{Z_{ij}} \\end{bmatrix}\n",
        "\\hat{X}_i=\\begin{bmatrix}\\delta x_i \\\\ \\delta Y_i \\\\ \\delta Z_i\\end{bmatrix}\n",
        "\\hat{X}_j=\\begin{bmatrix}\\delta X_j \\\\ \\delta Y_j \\\\ \\delta Z_j\\end{bmatrix}\n",
        "\\Delta X^0_{ij}=\\begin{bmatrix}X^0_j - X^0_i \\\\ \n",
        "Y^0_j - Y^0_i \\\\\n",
        "Z^0_j - Z^0_i \\end{bmatrix}\n",
        "\\Delta X_{ij}=\\begin{bmatrix}\\Delta X_{ij}\\\\ \n",
        "\\Delta Y_{ij}\\\\\n",
        "\\Delta Z_{ij}\\end{bmatrix}\n",
        "$\n",
        "\n",
        "則編號為 k 的基線向量觀測方程式為：\n",
        "\\begin{equation}\n",
        "V_k\n",
        "= \\hat{X}_j - \\hat{X}_i + \\Delta X_{ij} - \\Delta X^0_{ij} \n",
        "= \\hat{X}_j - \\hat{X}_i + \\Delta X_{ij} - (X^0_j - X^0_i)\n",
        "\\end{equation}\n",
        "\n",
        "當網中有n 個待定點與m 條基線向量時，則GPS 網形之誤差方程式為：\n",
        "\\begin{equation}\n",
        "V=A \\hat{X} - L\n",
        "\\end{equation}\n"
      ]
    },
    {
      "cell_type": "markdown",
      "metadata": {
        "id": "dT52DPaW6wwg",
        "colab_type": "text"
      },
      "source": [
        "## 2. 隨機模型 (權函數)\n",
        "\n",
        "隨機模型之一般型式仍為：\n",
        "$\\begin{equation}\n",
        "\\Sigma_{LL}= \\sigma^2_0Q = \\sigma^2_0p^{-1}\n",
        "\\end{equation}$\n",
        "或\n",
        "$\\begin{equation}\n",
        "P=\\frac{1}{\\sigma^2_0}\\Sigma^{-1}_{LL}\n",
        "\\end{equation}$\n",
        "\n",
        "\n",
        "以二台GPS 接收儀觀測的結果為例，說明GPS 網形平差中隨機模型的\n",
        "組成。用二台GPS 接收儀進行觀測，在一個時段內只能得到一條觀測基線\n",
        "向量\n",
        "$\\begin{equation}(\\Delta X_{ij},\\Delta Y_{ij},\\Delta Z_{ij})\\end{equation}$\n",
        "，其中三個觀測坐標分量是相關的，觀測基線向量的\n",
        "方差－協方差矩陣是由GPS 基線計算軟體計算後得到的，其型式為：\n",
        "\n",
        "$\\begin{equation}\n",
        "\\Sigma_{LL}=\\end{equation} \n",
        "\\begin{bmatrix}\n",
        "\\sigma^2_{\\Delta X_{ij}} & \n",
        "\\sigma_{{\\Delta X_{ij}}{\\Delta Y_{ij}}} &\n",
        "\\sigma_{{\\Delta X_{ij}}{\\Delta Z_{ij}}} \\\\ \n",
        "& \\sigma^2_{\\Delta Y_{ij}}\n",
        "&\\sigma_{{\\Delta Y_{ij}}{\\Delta Z_{ij}}} \\\\\n",
        "& & \\sigma^2_{\\Delta Z_{ij}}\n",
        "\\end{bmatrix}\n",
        "$\n",
        "\n",
        "不同的觀測基線向量之間是互相獨立的，因此，權矩陣 P 是一個3×3\n",
        "子矩陣所組成的對角陣。\n",
        "\n",
        "$\\begin{equation}\n",
        "P=Q^{-1}_{LL}=\n",
        "\\frac{1}{\\sigma^2_0}\\Sigma^{-1}_{LL}\n",
        "=\\frac{1}{\\sigma^2_0}\n",
        "\\begin{bmatrix}\n",
        "p_1 & & \\\\\n",
        "& p_2 & \\\\\n",
        "& & ... & \\\\\n",
        "& & & P_m\n",
        "\\end{bmatrix}\n",
        "\\end{equation}$"
      ]
    },
    {
      "cell_type": "markdown",
      "metadata": {
        "colab_type": "text",
        "id": "71irBR9iWtln"
      },
      "source": [
        "## Python GNSS 網形平差最小二乘法模組"
      ]
    },
    {
      "cell_type": "code",
      "metadata": {
        "id": "JZqhuWQg62F_",
        "colab_type": "code",
        "outputId": "cee1d2ad-2633-43f6-d96c-1d16176535b4",
        "colab": {
          "base_uri": "https://localhost:8080/",
          "height": 136
        }
      },
      "source": [
        "!git clone https://github.com/geodesy-CNU/pygeodadj.git\n",
        "!ls\n"
      ],
      "execution_count": 0,
      "outputs": [
        {
          "output_type": "stream",
          "text": [
            "Cloning into 'pygeodadj'...\n",
            "remote: Enumerating objects: 39, done.\u001b[K\n",
            "remote: Counting objects:   2% (1/39)\u001b[K\rremote: Counting objects:   5% (2/39)\u001b[K\rremote: Counting objects:   7% (3/39)\u001b[K\rremote: Counting objects:  10% (4/39)\u001b[K\rremote: Counting objects:  12% (5/39)\u001b[K\rremote: Counting objects:  15% (6/39)\u001b[K\rremote: Counting objects:  17% (7/39)\u001b[K\rremote: Counting objects:  20% (8/39)\u001b[K\rremote: Counting objects:  23% (9/39)\u001b[K\rremote: Counting objects:  25% (10/39)\u001b[K\rremote: Counting objects:  28% (11/39)\u001b[K\rremote: Counting objects:  30% (12/39)\u001b[K\rremote: Counting objects:  33% (13/39)\u001b[K\rremote: Counting objects:  35% (14/39)\u001b[K\rremote: Counting objects:  38% (15/39)\u001b[K\rremote: Counting objects:  41% (16/39)\u001b[K\rremote: Counting objects:  43% (17/39)\u001b[K\rremote: Counting objects:  46% (18/39)\u001b[K\rremote: Counting objects:  48% (19/39)\u001b[K\rremote: Counting objects:  51% (20/39)\u001b[K\rremote: Counting objects:  53% (21/39)\u001b[K\rremote: Counting objects:  56% (22/39)\u001b[K\rremote: Counting objects:  58% (23/39)\u001b[K\rremote: Counting objects:  61% (24/39)\u001b[K\rremote: Counting objects:  64% (25/39)\u001b[K\rremote: Counting objects:  66% (26/39)\u001b[K\rremote: Counting objects:  69% (27/39)\u001b[K\rremote: Counting objects:  71% (28/39)\u001b[K\rremote: Counting objects:  74% (29/39)\u001b[K\rremote: Counting objects:  76% (30/39)\u001b[K\rremote: Counting objects:  79% (31/39)\u001b[K\rremote: Counting objects:  82% (32/39)\u001b[K\rremote: Counting objects:  84% (33/39)\u001b[K\rremote: Counting objects:  87% (34/39)\u001b[K\rremote: Counting objects:  89% (35/39)\u001b[K\rremote: Counting objects:  92% (36/39)\u001b[K\rremote: Counting objects:  94% (37/39)\u001b[K\rremote: Counting objects:  97% (38/39)\u001b[K\rremote: Counting objects: 100% (39/39)\u001b[K\rremote: Counting objects: 100% (39/39), done.\u001b[K\n",
            "remote: Compressing objects:   3% (1/31)\u001b[K\rremote: Compressing objects:   6% (2/31)\u001b[K\rremote: Compressing objects:   9% (3/31)\u001b[K\rremote: Compressing objects:  12% (4/31)\u001b[K\rremote: Compressing objects:  16% (5/31)\u001b[K\rremote: Compressing objects:  19% (6/31)\u001b[K\rremote: Compressing objects:  22% (7/31)\u001b[K\rremote: Compressing objects:  25% (8/31)\u001b[K\rremote: Compressing objects:  29% (9/31)\u001b[K\rremote: Compressing objects:  32% (10/31)\u001b[K\rremote: Compressing objects:  35% (11/31)\u001b[K\rremote: Compressing objects:  38% (12/31)\u001b[K\rremote: Compressing objects:  41% (13/31)\u001b[K\rremote: Compressing objects:  45% (14/31)\u001b[K\rremote: Compressing objects:  48% (15/31)\u001b[K\rremote: Compressing objects:  51% (16/31)\u001b[K\rremote: Compressing objects:  54% (17/31)\u001b[K\rremote: Compressing objects:  58% (18/31)\u001b[K\rremote: Compressing objects:  61% (19/31)\u001b[K\rremote: Compressing objects:  64% (20/31)\u001b[K\rremote: Compressing objects:  67% (21/31)\u001b[K\rremote: Compressing objects:  70% (22/31)\u001b[K\rremote: Compressing objects:  74% (23/31)\u001b[K\rremote: Compressing objects:  77% (24/31)\u001b[K\rremote: Compressing objects:  80% (25/31)\u001b[K\rremote: Compressing objects:  83% (26/31)\u001b[K\rremote: Compressing objects:  87% (27/31)\u001b[K\rremote: Compressing objects:  90% (28/31)\u001b[K\rremote: Compressing objects:  93% (29/31)\u001b[K\rremote: Compressing objects:  96% (30/31)\u001b[K\rremote: Compressing objects: 100% (31/31)\u001b[K\rremote: Compressing objects: 100% (31/31), done.\u001b[K\n",
            "Unpacking objects:   2% (1/39)   \rUnpacking objects:   5% (2/39)   \rUnpacking objects:   7% (3/39)   \rUnpacking objects:  10% (4/39)   \rUnpacking objects:  12% (5/39)   \rUnpacking objects:  15% (6/39)   \rUnpacking objects:  17% (7/39)   \rUnpacking objects:  20% (8/39)   \rUnpacking objects:  23% (9/39)   \rUnpacking objects:  25% (10/39)   \rUnpacking objects:  28% (11/39)   \rUnpacking objects:  30% (12/39)   \rUnpacking objects:  33% (13/39)   \rUnpacking objects:  35% (14/39)   \rUnpacking objects:  38% (15/39)   \rUnpacking objects:  41% (16/39)   \rUnpacking objects:  43% (17/39)   \rremote: Total 39 (delta 6), reused 39 (delta 6), pack-reused 0\u001b[K\n",
            "Unpacking objects:  46% (18/39)   \rUnpacking objects:  48% (19/39)   \rUnpacking objects:  51% (20/39)   \rUnpacking objects:  53% (21/39)   \rUnpacking objects:  56% (22/39)   \rUnpacking objects:  58% (23/39)   \rUnpacking objects:  61% (24/39)   \rUnpacking objects:  64% (25/39)   \rUnpacking objects:  66% (26/39)   \rUnpacking objects:  69% (27/39)   \rUnpacking objects:  71% (28/39)   \rUnpacking objects:  74% (29/39)   \rUnpacking objects:  76% (30/39)   \rUnpacking objects:  79% (31/39)   \rUnpacking objects:  82% (32/39)   \rUnpacking objects:  84% (33/39)   \rUnpacking objects:  87% (34/39)   \rUnpacking objects:  89% (35/39)   \rUnpacking objects:  92% (36/39)   \rUnpacking objects:  94% (37/39)   \rUnpacking objects:  97% (38/39)   \rUnpacking objects: 100% (39/39)   \rUnpacking objects: 100% (39/39), done.\n",
            "pygeodadj  sample_data\n"
          ],
          "name": "stdout"
        }
      ]
    },
    {
      "cell_type": "code",
      "metadata": {
        "id": "kCQh1Ozl7Ij9",
        "colab_type": "code",
        "outputId": "2194458c-cff4-4a8f-9ecb-461f7f36e1d7",
        "colab": {
          "base_uri": "https://localhost:8080/",
          "height": 51
        }
      },
      "source": [
        "!ls pygeodadj/notebooks/05_gnss_net"
      ],
      "execution_count": 16,
      "outputs": [
        {
          "output_type": "stream",
          "text": [
            "ex13.Adat  ex178.Adat  Wolf_GPS_net_v2_2.ipynb\t    Wolf_GPS_net_v2.ipynb\n",
            "ex13.out   ex178.out   Wolf_GPS_net_v2_Colab.ipynb\n"
          ],
          "name": "stdout"
        }
      ]
    },
    {
      "cell_type": "code",
      "metadata": {
        "id": "5Jy9y4DO6e5J",
        "colab_type": "code",
        "colab": {}
      },
      "source": [
        "from pygeodadj.gnssnet.GNSSNet import GNSS_net\n",
        "from pygeodadj.gnssnet.GNSSNet_utils import GNSS_LSEA\n",
        "#from pygeodadj.GNSSNet_utils import GNSS_Report"
      ],
      "execution_count": 0,
      "outputs": []
    },
    {
      "cell_type": "code",
      "metadata": {
        "id": "-k92jFlW7DM_",
        "colab_type": "code",
        "colab": {}
      },
      "source": [
        "data_dir='pygeodadj/notebooks/05_gnss_net/'\n",
        "gnss_file=data_dir+'ex178.Adat'\n",
        "psigma0=1\n",
        "\n",
        "# 建立一個新的GNSS網形平差物件\n",
        "wolf_gnss_net=GNSS_net()\n",
        "\n",
        "# ComputeObs=True代表要由程式自動計算概略座標\n",
        "wolf_gnss_net.GNSS_read_Adat(gnss_file,psigma0, ComputeObs=True)"
      ],
      "execution_count": 0,
      "outputs": []
    },
    {
      "cell_type": "markdown",
      "metadata": {
        "id": "nPqiSsU86e5M",
        "colab_type": "text"
      },
      "source": [
        "### 範例\n",
        "<img src='https://drive.google.com/uc?id=1d2g0QpjfGRF7xpn98Z3ijBV1jo4gmwD4'>"
      ]
    },
    {
      "cell_type": "code",
      "metadata": {
        "id": "1zEh818X6e5N",
        "colab_type": "code",
        "outputId": "568b0799-75ba-4da3-8df8-a1407fb8d778",
        "colab": {
          "base_uri": "https://localhost:8080/",
          "height": 1000
        }
      },
      "source": [
        "# 組成設計矩陣\n",
        "wolf_gnss_net.GNSS_design_matrix()\n",
        "\n",
        "# 最小二乘法\n",
        "X, V, sigma0, DX, sL, P, N, U = GNSS_LSEA(wolf_gnss_net.A, wolf_gnss_net.L,wolf_gnss_net.P)\n",
        "\n",
        "wolf_gnss_net.GNSS_Report(X, V, sigma0, DX, sL, N, U)"
      ],
      "execution_count": 18,
      "outputs": [
        {
          "output_type": "stream",
          "text": [
            "***** GNSS 最小self._baselines二乘法 網形平差報表 *****\n",
            "\n",
            "GNSS Net專案名稱: Example 17.8\n",
            "\n",
            "\n",
            "控制點數: 2\n",
            "\n",
            "控制點座標\n",
            "0 A\t     402.35087\t-4652995.30109\t 4349760.77753\n",
            "1 B\t    8086.03178\t-4642712.84739\t 4360439.08326\n",
            "\n",
            "觀測點數: 4\n",
            "\n",
            "觀測點概略座標\n",
            "2 C\t   12046.57407\t-4649394.08459\t 4353160.03253\n",
            "3 D\t   -3081.57582\t-4643107.36779\t 4359531.12396\n",
            "4 E\t   -4919.36553\t-4649361.22569\t 4352934.44273\n",
            "5 F\t    1518.80317\t-4648399.14009\t 4354116.68373\n",
            "\n",
            "觀測基線數: 14\n",
            "\n",
            "基線觀測資料\n",
            "A(0)  ->  C(2)\t  11644.2232\t   3601.2165\t   3399.2550\n",
            "A(0)  ->  E(4)\t  -5321.7164\t   3634.0754\t   3173.6652\n",
            "B(1)  ->  C(2)\t   3960.5442\t  -6681.2467\t  -7279.0148\n",
            "B(1)  ->  D(3)\t -11167.6076\t   -394.5204\t   -907.9593\n",
            "D(3)  ->  C(2)\t  15128.1647\t  -6286.7054\t  -6371.0583\n",
            "D(3)  ->  E(4)\t  -1837.7459\t  -6253.8534\t  -6596.6697\n",
            "F(5)  ->  A(0)\t  -1116.4523\t  -4596.1610\t  -4355.9062\n",
            "F(5)  ->  C(2)\t  10527.7852\t   -994.9377\t   -956.6246\n",
            "F(5)  ->  E(4)\t  -6438.1364\t   -962.0694\t  -1182.2305\n",
            "F(5)  ->  D(3)\t  -4600.3787\t   5291.7785\t   5414.4311\n",
            "F(5)  ->  B(1)\t   6567.2311\t   5686.2926\t   6322.3917\n",
            "B(1)  ->  F(5)\t  -6567.2310\t  -5686.3033\t  -6322.3807\n",
            "A(0)  ->  F(5)\t   1116.4577\t   4596.1553\t   4355.9141\n",
            "A(0)  ->  B(1)\t   7683.6883\t  10282.4550\t  10678.3008\n",
            "\n",
            "設計矩陣A\n",
            "[[ 1.  0.  0.  0.  0.  0.  0.  0.  0.  0.  0.  0.]\n",
            " [ 0.  1.  0.  0.  0.  0.  0.  0.  0.  0.  0.  0.]\n",
            " [ 0.  0.  1.  0.  0.  0.  0.  0.  0.  0.  0.  0.]\n",
            " [ 0.  0.  0.  0.  0.  0.  1.  0.  0.  0.  0.  0.]\n",
            " [ 0.  0.  0.  0.  0.  0.  0.  1.  0.  0.  0.  0.]\n",
            " [ 0.  0.  0.  0.  0.  0.  0.  0.  1.  0.  0.  0.]\n",
            " [ 1.  0.  0.  0.  0.  0.  0.  0.  0.  0.  0.  0.]\n",
            " [ 0.  1.  0.  0.  0.  0.  0.  0.  0.  0.  0.  0.]\n",
            " [ 0.  0.  1.  0.  0.  0.  0.  0.  0.  0.  0.  0.]\n",
            " [ 0.  0.  0.  1.  0.  0.  0.  0.  0.  0.  0.  0.]\n",
            " [ 0.  0.  0.  0.  1.  0.  0.  0.  0.  0.  0.  0.]\n",
            " [ 0.  0.  0.  0.  0.  1.  0.  0.  0.  0.  0.  0.]\n",
            " [ 1.  0.  0. -1.  0.  0.  0.  0.  0.  0.  0.  0.]\n",
            " [ 0.  1.  0.  0. -1.  0.  0.  0.  0.  0.  0.  0.]\n",
            " [ 0.  0.  1.  0.  0. -1.  0.  0.  0.  0.  0.  0.]\n",
            " [ 0.  0.  0. -1.  0.  0.  1.  0.  0.  0.  0.  0.]\n",
            " [ 0.  0.  0.  0. -1.  0.  0.  1.  0.  0.  0.  0.]\n",
            " [ 0.  0.  0.  0.  0. -1.  0.  0.  1.  0.  0.  0.]\n",
            " [ 0.  0.  0.  0.  0.  0.  0.  0.  0. -1.  0.  0.]\n",
            " [ 0.  0.  0.  0.  0.  0.  0.  0.  0.  0. -1.  0.]\n",
            " [ 0.  0.  0.  0.  0.  0.  0.  0.  0.  0.  0. -1.]\n",
            " [ 1.  0.  0.  0.  0.  0.  0.  0.  0. -1.  0.  0.]\n",
            " [ 0.  1.  0.  0.  0.  0.  0.  0.  0.  0. -1.  0.]\n",
            " [ 0.  0.  1.  0.  0.  0.  0.  0.  0.  0.  0. -1.]\n",
            " [ 0.  0.  0.  0.  0.  0.  1.  0.  0. -1.  0.  0.]\n",
            " [ 0.  0.  0.  0.  0.  0.  0.  1.  0.  0. -1.  0.]\n",
            " [ 0.  0.  0.  0.  0.  0.  0.  0.  1.  0.  0. -1.]\n",
            " [ 0.  0.  0.  1.  0.  0.  0.  0.  0. -1.  0.  0.]\n",
            " [ 0.  0.  0.  0.  1.  0.  0.  0.  0.  0. -1.  0.]\n",
            " [ 0.  0.  0.  0.  0.  1.  0.  0.  0.  0.  0. -1.]\n",
            " [ 0.  0.  0.  0.  0.  0.  0.  0.  0. -1.  0.  0.]\n",
            " [ 0.  0.  0.  0.  0.  0.  0.  0.  0.  0. -1.  0.]\n",
            " [ 0.  0.  0.  0.  0.  0.  0.  0.  0.  0.  0. -1.]\n",
            " [ 0.  0.  0.  0.  0.  0.  0.  0.  0.  1.  0.  0.]\n",
            " [ 0.  0.  0.  0.  0.  0.  0.  0.  0.  0.  1.  0.]\n",
            " [ 0.  0.  0.  0.  0.  0.  0.  0.  0.  0.  0.  1.]\n",
            " [ 0.  0.  0.  0.  0.  0.  0.  0.  0.  1.  0.  0.]\n",
            " [ 0.  0.  0.  0.  0.  0.  0.  0.  0.  0.  1.  0.]\n",
            " [ 0.  0.  0.  0.  0.  0.  0.  0.  0.  0.  0.  1.]\n",
            " [ 0.  0.  0.  0.  0.  0.  0.  0.  0.  0.  0.  0.]\n",
            " [ 0.  0.  0.  0.  0.  0.  0.  0.  0.  0.  0.  0.]\n",
            " [ 0.  0.  0.  0.  0.  0.  0.  0.  0.  0.  0.  0.]]\n",
            "\n",
            "觀測矩陣L\n",
            "[[ 0.00000000e+00]\n",
            " [-9.68611857e-11]\n",
            " [ 1.11867848e-10]\n",
            " [ 0.00000000e+00]\n",
            " [-4.37921699e-10]\n",
            " [ 3.02406988e-10]\n",
            " [ 1.91000000e-03]\n",
            " [-9.49999968e-03]\n",
            " [ 3.59300003e-02]\n",
            " [ 0.00000000e+00]\n",
            " [-1.95200300e-10]\n",
            " [ 2.20552465e-10]\n",
            " [ 1.48100000e-02]\n",
            " [ 1.14000005e-02]\n",
            " [ 3.31300000e-02]\n",
            " [ 4.38100000e-02]\n",
            " [ 4.50000018e-03]\n",
            " [ 1.15300002e-02]\n",
            " [ 0.00000000e+00]\n",
            " [ 3.12866177e-10]\n",
            " [ 8.45830073e-11]\n",
            " [ 1.43000000e-02]\n",
            " [ 6.80000022e-03]\n",
            " [ 2.66000002e-02]\n",
            " [ 3.23000000e-02]\n",
            " [ 1.61999999e-02]\n",
            " [ 1.05000004e-02]\n",
            " [ 2.89999999e-04]\n",
            " [ 6.19999970e-03]\n",
            " [-9.12999983e-03]\n",
            " [ 2.49000000e-03]\n",
            " [-1.00000108e-04]\n",
            " [-7.83000005e-03]\n",
            " [-2.39000000e-03]\n",
            " [-1.05999999e-02]\n",
            " [ 1.88300001e-02]\n",
            " [ 5.40000000e-03]\n",
            " [-5.70000031e-03]\n",
            " [ 7.89999992e-03]\n",
            " [ 7.39000000e-03]\n",
            " [ 1.29999958e-03]\n",
            " [-4.93000014e-03]]\n",
            "\n",
            "加權矩陣P\n",
            "[[1011.92885404   10.23983869   -9.7039579  ...    0.\n",
            "     0.            0.        ]\n",
            " [  10.23983869 1066.64767604   10.23405171 ...    0.\n",
            "     0.            0.        ]\n",
            " [  -9.7039579    10.23405171 1017.79771024 ...    0.\n",
            "     0.            0.        ]\n",
            " ...\n",
            " [   0.            0.            0.         ... 1381.56685116\n",
            "    14.72237123  -14.06574095]\n",
            " [   0.            0.            0.         ...   14.72237123\n",
            "  1479.16830984   14.59976026]\n",
            " [   0.            0.            0.         ...  -14.06574095\n",
            "    14.59976026 1368.27935243]]\n",
            "\n",
            "法方程式 N矩陣\n",
            "[[ 1.60932054e+04  1.48058456e+02 -1.57319738e+02 -6.84585176e+03\n",
            "  -6.00342487e+01  6.94724162e+01  0.00000000e+00  0.00000000e+00\n",
            "   0.00000000e+00 -3.89631086e+03 -4.01248500e+01  3.86318842e+01]\n",
            " [ 1.48058456e+02  1.58160482e+04  1.59785150e+02 -6.00342487e+01\n",
            "  -6.19692196e+03 -6.76079643e+01  0.00000000e+00  0.00000000e+00\n",
            "   0.00000000e+00 -4.01248500e+01 -4.62408125e+03 -4.33890897e+01]\n",
            " [-1.57319738e+02  1.59785150e+02  1.72784352e+04  6.94724162e+01\n",
            "  -6.76079643e+01 -7.64671597e+03  0.00000000e+00  0.00000000e+00\n",
            "   0.00000000e+00  3.86318842e+01 -4.33890897e+01 -4.17267922e+03]\n",
            " [-6.84585176e+03 -6.00342487e+01  6.94724162e+01  2.93953167e+04\n",
            "   2.78748270e+02 -2.64445887e+02 -8.12496045e+03 -7.49888342e+01\n",
            "   7.65527300e+01 -1.07200101e+04 -1.06676929e+02  7.92558049e+01]\n",
            " [-6.00342487e+01 -6.19692196e+03 -6.76079643e+01  2.78748270e+02\n",
            "   2.78335104e+04  2.60297441e+02 -7.49888342e+01 -7.83224551e+03\n",
            "  -7.31530062e+01 -1.06676929e+02 -1.01284787e+04 -8.24849225e+01]\n",
            " [ 6.94724162e+01 -6.76079643e+01 -7.64671597e+03 -2.64445887e+02\n",
            "   2.60297441e+02  2.74953985e+04  7.65527300e+01 -7.31530062e+01\n",
            "  -7.79565011e+03  7.92558049e+01 -8.24849225e+01 -8.30691852e+03]\n",
            " [ 0.00000000e+00  0.00000000e+00  0.00000000e+00 -8.12496045e+03\n",
            "  -7.49888342e+01  7.65527300e+01  2.33531469e+04  2.21921476e+02\n",
            "  -2.49808188e+02 -1.05932834e+04 -9.67526375e+01  1.23848911e+02]\n",
            " [ 0.00000000e+00  0.00000000e+00  0.00000000e+00 -7.49888342e+01\n",
            "  -7.83224551e+03 -7.31530062e+01  2.21921476e+02  2.30873910e+04\n",
            "   2.27335445e+02 -9.67526375e+01 -1.00429574e+04 -1.00131536e+02]\n",
            " [ 0.00000000e+00  0.00000000e+00  0.00000000e+00  7.65527300e+01\n",
            "  -7.31530062e+01 -7.79565011e+03 -2.49808188e+02  2.27335445e+02\n",
            "   2.41169096e+04  1.23848911e+02 -1.00131536e+02 -1.13326300e+04]\n",
            " [-3.89631086e+03 -4.01248500e+01  3.86318842e+01 -1.07200101e+04\n",
            "  -1.06676929e+02  7.92558049e+01 -1.05932834e+04 -9.67526375e+01\n",
            "   1.23848911e+02  8.69050456e+04  8.30908185e+02 -8.74374602e+02]\n",
            " [-4.01248500e+01 -4.62408125e+03 -4.33890897e+01 -1.06676929e+02\n",
            "  -1.01284787e+04 -8.24849225e+01 -9.67526375e+01 -1.00429574e+04\n",
            "  -1.00131536e+02  8.30908185e+02  7.90868251e+04  7.58119694e+02]\n",
            " [ 3.86318842e+01 -4.33890897e+01 -4.17267922e+03  7.92558049e+01\n",
            "  -8.24849225e+01 -8.30691852e+03  1.23848911e+02 -1.00131536e+02\n",
            "  -1.13326300e+04 -8.74374602e+02  7.58119694e+02  7.92395545e+04]]\n",
            "\n",
            "單位權標準誤差：+/- 0.67396\n",
            "\n",
            "控制點及觀測點座標\n",
            "0 A      402.35087 -4652995.30109  4349760.77753\n",
            "1 B     8086.03178 -4642712.84739  4360439.08326\n",
            "2 C    12046.58076 -4649394.08256  4353160.06443 0.00579 0.00583 0.00569\n",
            "3 D    -3081.58313 -4643107.36915  4359531.12333 0.00471 0.00482 0.00489\n",
            "4 E    -4919.33908 -4649361.21987  4352934.45480 0.00499 0.00502 0.00493\n",
            "5 F     1518.80119 -4648399.14533  4354116.69141 0.00254 0.00269 0.00266\n",
            "\n",
            "基線平差結果與精度分析\n",
            "A(0) -> C (2)  11644.22989   3601.21853   3399.28690 0.00579 0.00583 0.00569\n",
            "A(0) -> E (4)  -5321.68995   3634.08122   3173.67727 0.00499 0.00502 0.00493\n",
            "B(1) -> C (2)   3960.54898  -6681.23517  -7279.01883 0.00579 0.00583 0.00569\n",
            "B(1) -> D (3) -11167.61491   -394.52176   -907.95993 0.00471 0.00482 0.00489\n",
            "D(3) -> C (2)  15128.16389  -6286.71341  -6371.05890 0.00589 0.00602 0.00574\n",
            "D(3) -> E (4)  -1837.75595  -6253.85072  -6596.66853 0.00526 0.00533 0.00534\n",
            "F(5) -> A (0)  -1116.45032  -4596.15576  -4355.91388 0.00254 0.00269 0.00266\n",
            "F(5) -> C (2)  10527.77957   -994.93723   -956.62698 0.00576 0.00576 0.00566\n",
            "F(5) -> E (4)  -6438.14027   -962.07454  -1182.23661 0.00473 0.00477 0.00467\n",
            "F(5) -> D (3)  -4600.38431   5291.77617   5414.43192 0.00446 0.00455 0.00469\n",
            "F(5) -> B (1)   6567.23059   5686.29794   6322.39185 0.00254 0.00269 0.00266\n",
            "B(1) -> F (5)  -6567.23059  -5686.29794  -6322.39185 0.00254 0.00269 0.00266\n",
            "A(0) -> F (5)   1116.45032   4596.15576   4355.91388 0.00254 0.00269 0.00266\n",
            "A(0) -> B (1)   7683.68091  10282.45370  10678.30573 0.00000 0.00000 0.00000\n",
            "\n",
            "法方程式 U矩陣\n",
            "[[ 161.24261478]\n",
            " [  71.08296448]\n",
            " [ 522.94552905]\n",
            " [-450.68534252]\n",
            " [ -51.07328078]\n",
            " [-415.29054713]\n",
            " [ 697.83934572]\n",
            " [ 206.24621924]\n",
            " [ 203.47369243]\n",
            " [-409.16457705]\n",
            " [-468.5608108 ]\n",
            " [ 343.99369192]]\n",
            "\n",
            "未知數X\n",
            "[[ 0.00669031]\n",
            " [ 0.0020309 ]\n",
            " [ 0.03189993]\n",
            " [-0.0073066 ]\n",
            " [-0.00136127]\n",
            " [-0.00062781]\n",
            " [ 0.02644939]\n",
            " [ 0.00582007]\n",
            " [ 0.01206916]\n",
            " [-0.00198321]\n",
            " [-0.00523591]\n",
            " [ 0.00767926]]\n",
            "\n",
            "誤差矩陣V\n",
            "[[ 0.00669031]\n",
            " [ 0.0020309 ]\n",
            " [ 0.03189993]\n",
            " [ 0.02644939]\n",
            " [ 0.00582007]\n",
            " [ 0.01206916]\n",
            " [ 0.00478031]\n",
            " [ 0.0115309 ]\n",
            " [-0.00403007]\n",
            " [-0.0073066 ]\n",
            " [-0.00136127]\n",
            " [-0.00062781]\n",
            " [-0.0008131 ]\n",
            " [-0.00800783]\n",
            " [-0.00060225]\n",
            " [-0.01005401]\n",
            " [ 0.00268134]\n",
            " [ 0.00116698]\n",
            " [ 0.00198321]\n",
            " [ 0.00523591]\n",
            " [-0.00767926]\n",
            " [-0.00562649]\n",
            " [ 0.00046681]\n",
            " [-0.00237932]\n",
            " [-0.0038674 ]\n",
            " [-0.00514402]\n",
            " [-0.00611009]\n",
            " [-0.00561339]\n",
            " [-0.00232536]\n",
            " [ 0.00082293]\n",
            " [-0.00050679]\n",
            " [ 0.00533591]\n",
            " [ 0.00015074]\n",
            " [ 0.00040679]\n",
            " [ 0.00536409]\n",
            " [-0.01115074]\n",
            " [-0.00738321]\n",
            " [ 0.00046409]\n",
            " [-0.00022074]\n",
            " [-0.00739   ]\n",
            " [-0.0013    ]\n",
            " [ 0.00493   ]]\n"
          ],
          "name": "stdout"
        }
      ]
    },
    {
      "cell_type": "code",
      "metadata": {
        "id": "SktbnoAA6e5R",
        "colab_type": "code",
        "outputId": "8fbf4e6e-7f95-4695-d92f-56b7ed047933",
        "colab": {}
      },
      "source": [
        "data_dir='./'\n",
        "gnss_file=data_dir+'ex13.Adat'\n",
        "psigma0=0.00298\n",
        "\n",
        "# 建立一個新的GNSS網形平差物件\n",
        "wolf_gnss_net=GNSS_net()\n",
        "\n",
        "# 從給定的資料讀取資料\n",
        "wolf_gnss_net.GNSS_read_Adat(gnss_file,psigma0)\n",
        "\n",
        "# 組成設計矩陣\n",
        "wolf_gnss_net.GNSS_design_matrix()\n",
        "\n",
        "# 最小二乘法\n",
        "X, V, sigma0, DX, sL, P, N, U = GNSS_LSEA(wolf_gnss_net.A, wolf_gnss_net.L,wolf_gnss_net.P)\n",
        "\n",
        "wolf_gnss_net.GNSS_Report(X, V, sigma0, DX, sL, N, U)"
      ],
      "execution_count": 0,
      "outputs": [
        {
          "output_type": "stream",
          "text": [
            "***** GNSS 最小self._baselines二乘法 網形平差報表 *****\n",
            "\n",
            "GNSS Net專案名稱: Example 13\n",
            "\n",
            "\n",
            "控制點數: 1\n",
            "\n",
            "控制點座標\n",
            "0 A\t-1974638.73400\t 4590014.81900\t 3953144.92350\n",
            "\n",
            "觀測點數: 3\n",
            "\n",
            "觀測點概略座標\n",
            "1 B\t-1973420.17400\t 4591054.04670\t 3591407.20500\n",
            "2 C\t-1974825.70100\t 4591232.19400\t 3950235.81300\n",
            "3 D\t-1974909.19800\t 4590518.04100\t 3951265.01200\n",
            "\n",
            "觀測基線數: 5\n",
            "\n",
            "基線觀測資料\n",
            "B(1)  ->  A(0)\t  -1218.5610\t  -1039.2270\t   1737.7200\n",
            "D(3)  ->  A(0)\t    270.4570\t   -503.2080\t   1879.9230\n",
            "D(3)  ->  B(1)\t   1489.0130\t    536.0300\t    142.2180\n",
            "C(2)  ->  B(1)\t   1405.5310\t   -178.1570\t   1171.3800\n",
            "D(3)  ->  C(2)\t     83.4970\t    714.1530\t  -1029.1990\n",
            "\n",
            "設計矩陣A\n",
            "[[-1.  0.  0.  0.  0.  0.  0.  0.  0.]\n",
            " [ 0. -1.  0.  0.  0.  0.  0.  0.  0.]\n",
            " [ 0.  0. -1.  0.  0.  0.  0.  0.  0.]\n",
            " [ 0.  0.  0.  0.  0.  0. -1.  0.  0.]\n",
            " [ 0.  0.  0.  0.  0.  0.  0. -1.  0.]\n",
            " [ 0.  0.  0.  0.  0.  0.  0.  0. -1.]\n",
            " [ 1.  0.  0.  0.  0.  0. -1.  0.  0.]\n",
            " [ 0.  1.  0.  0.  0.  0.  0. -1.  0.]\n",
            " [ 0.  0.  1.  0.  0.  0.  0.  0. -1.]\n",
            " [ 1.  0.  0. -1.  0.  0.  0.  0.  0.]\n",
            " [ 0.  1.  0.  0. -1.  0.  0.  0.  0.]\n",
            " [ 0.  0.  1.  0.  0. -1.  0.  0.  0.]\n",
            " [ 0.  0.  0.  1.  0.  0. -1.  0.  0.]\n",
            " [ 0.  0.  0.  0.  1.  0.  0. -1.  0.]\n",
            " [ 0.  0.  0.  0.  0.  1.  0.  0. -1.]]\n",
            "\n",
            "觀測矩陣L\n",
            "[[-1.00000018e-03]\n",
            " [ 6.99999697e-04]\n",
            " [-3.59999998e+05]\n",
            " [-7.00000015e-03]\n",
            " [ 1.40000001e-02]\n",
            " [ 1.15000001e-02]\n",
            " [-1.10000000e-02]\n",
            " [ 2.43000004e-02]\n",
            " [ 3.60000025e+05]\n",
            " [ 4.00000023e-03]\n",
            " [-9.69999970e-03]\n",
            " [ 3.59999988e+05]\n",
            " [-2.06753725e-10]\n",
            " [ 6.70752343e-11]\n",
            " [ 2.22826202e-11]]\n",
            "\n",
            "加權矩陣P\n",
            "[[248.97971919  60.06570112  41.84523912   0.           0.\n",
            "    0.           0.           0.           0.           0.\n",
            "    0.           0.           0.           0.           0.        ]\n",
            " [ 60.06570112  88.65216798 -71.47556977   0.           0.\n",
            "    0.           0.           0.           0.           0.\n",
            "    0.           0.           0.           0.           0.        ]\n",
            " [ 41.84523912 -71.47556977 105.55753386   0.           0.\n",
            "    0.           0.           0.           0.           0.\n",
            "    0.           0.           0.           0.           0.        ]\n",
            " [  0.           0.           0.         104.98089317  23.62199317\n",
            "   17.24519406   0.           0.           0.           0.\n",
            "    0.           0.           0.           0.           0.        ]\n",
            " [  0.           0.           0.          23.62199317  20.94428782\n",
            "  -11.40504013   0.           0.           0.           0.\n",
            "    0.           0.           0.           0.           0.        ]\n",
            " [  0.           0.           0.          17.24519406 -11.40504013\n",
            "   19.25355624   0.           0.           0.           0.\n",
            "    0.           0.           0.           0.           0.        ]\n",
            " [  0.           0.           0.           0.           0.\n",
            "    0.         169.4588213   39.51284706  30.11642152   0.\n",
            "    0.           0.           0.           0.           0.        ]\n",
            " [  0.           0.           0.           0.           0.\n",
            "    0.          39.51284706  46.01656623 -30.39769141   0.\n",
            "    0.           0.           0.           0.           0.        ]\n",
            " [  0.           0.           0.           0.           0.\n",
            "    0.          30.11642152 -30.39769141  46.34053229   0.\n",
            "    0.           0.           0.           0.           0.        ]\n",
            " [  0.           0.           0.           0.           0.\n",
            "    0.           0.           0.           0.          48.94194716\n",
            "   12.85676268   7.45630937   0.           0.           0.        ]\n",
            " [  0.           0.           0.           0.           0.\n",
            "    0.           0.           0.           0.          12.85676268\n",
            "   17.54796766 -14.15398379   0.           0.           0.        ]\n",
            " [  0.           0.           0.           0.           0.\n",
            "    0.           0.           0.           0.           7.45630937\n",
            "  -14.15398379  21.29936108   0.           0.           0.        ]\n",
            " [  0.           0.           0.           0.           0.\n",
            "    0.           0.           0.           0.           0.\n",
            "    0.           0.          17.69597045   4.84919603   2.87179893]\n",
            " [  0.           0.           0.           0.           0.\n",
            "    0.           0.           0.           0.           0.\n",
            "    0.           0.           4.84919603   5.19640406  -3.35741718]\n",
            " [  0.           0.           0.           0.           0.\n",
            "    0.           0.           0.           0.           0.\n",
            "    0.           0.           2.87179893  -3.35741718   5.11238392]]\n",
            "\n",
            "法方程式 N矩陣\n",
            "[[ 467.38048766  112.43531087   79.41797001  -48.94194716  -12.85676268\n",
            "    -7.45630937 -169.4588213   -39.51284706  -30.11642152]\n",
            " [ 112.43531087  152.21670187 -116.02724497  -12.85676268  -17.54796766\n",
            "    14.15398379  -39.51284706  -46.01656623   30.39769141]\n",
            " [  79.41797001 -116.02724497  173.19742723   -7.45630937   14.15398379\n",
            "   -21.29936108  -30.11642152   30.39769141  -46.34053229]\n",
            " [ -48.94194716  -12.85676268   -7.45630937   66.63791761   17.70595871\n",
            "    10.3281083   -17.69597045   -4.84919603   -2.87179893]\n",
            " [ -12.85676268  -17.54796766   14.15398379   17.70595871   22.74437172\n",
            "   -17.51140097   -4.84919603   -5.19640406    3.35741718]\n",
            " [  -7.45630937   14.15398379  -21.29936108   10.3281083   -17.51140097\n",
            "    26.411745     -2.87179893    3.35741718   -5.11238392]\n",
            " [-169.4588213   -39.51284706  -30.11642152  -17.69597045   -4.84919603\n",
            "    -2.87179893  292.13568492   67.98403626   50.23341451]\n",
            " [ -39.51284706  -46.01656623   30.39769141   -4.84919603   -5.19640406\n",
            "     3.35741718   67.98403626   72.15725811  -45.16014872]\n",
            " [ -30.11642152   30.39769141  -46.34053229   -2.87179893    3.35741718\n",
            "    -5.11238392   50.23341451  -45.16014872   70.70647244]]\n",
            "\n",
            "單位權標準誤差：+/- 0.00999\n",
            "\n",
            "控制點及觀測點座標\n",
            "0 A -1974638.73400  4590014.81900  3953144.92350\n",
            "1 B -1973420.17326  4591054.04650  3951407.20439 0.00149 0.00361 0.00317\n",
            "2 C -1974825.70330  4591232.20130  3950235.82165 0.00373 0.00887 0.00761\n",
            "3 D -1974909.18837  4590518.02118  3951264.99226 0.00220 0.00540 0.00509\n",
            "\n",
            "基線平差結果與精度分析\n",
            "B(1) -> A (0)  -1218.56074  -1039.22750   1737.71911 0.00149 0.00361 0.00317\n",
            "D(3) -> A (0)    270.45437   -503.20218   1879.93124 0.00220 0.00540 0.00509\n",
            "D(3) -> B (1)   1489.01511    536.02532    142.21212 0.00207 0.00501 0.00474\n",
            "C(2) -> B (1)   1405.53004   -178.15479   1171.38273 0.00344 0.00817 0.00696\n",
            "D(3) -> C (2)     83.48507    714.18012  -1029.17061 0.00391 0.00928 0.00816\n",
            "\n",
            "法方程式 U矩陣\n",
            "[[ 28590469.17730708]\n",
            " [-41769808.10952705]\n",
            " [ 62351073.73667446]\n",
            " [ -2684271.35332937]\n",
            " [  5095434.11499056]\n",
            " [ -7667769.90158982]\n",
            " [-10841911.39085104]\n",
            " [ 10943168.98593729]\n",
            " [-16682591.65299924]]\n",
            "\n",
            "未知數X\n",
            "[[ 7.41939992e-04]\n",
            " [-1.98257156e-04]\n",
            " [ 3.59999999e+05]\n",
            " [-2.29957700e-03]\n",
            " [ 7.29562342e-03]\n",
            " [ 8.65264423e-03]\n",
            " [ 9.63498419e-03]\n",
            " [-1.98201369e-02]\n",
            " [-1.97386080e-02]]\n",
            "\n",
            "誤差矩陣V\n",
            "[[ 0.00025806]\n",
            " [-0.00050174]\n",
            " [-0.00088543]\n",
            " [-0.00263498]\n",
            " [ 0.00582014]\n",
            " [ 0.00823861]\n",
            " [ 0.00210696]\n",
            " [-0.00467812]\n",
            " [-0.00587596]\n",
            " [-0.00095848]\n",
            " [ 0.00220612]\n",
            " [ 0.00273279]\n",
            " [-0.01193456]\n",
            " [ 0.02711576]\n",
            " [ 0.02839125]]\n"
          ],
          "name": "stdout"
        }
      ]
    }
  ]
}